site_code year month day hour minute second latitude longitude altitude_final type_altitude year_end month_end day_end hour_end minute_end second_end
CRV 2019 12 02 23 00 00 64.9863 -147.5980 32 0 2019 12 03 00 00 00
CRV 2019 12 03 23 00 00 64.9863 -147.5980 32 0 2019 12 04 00 00 00
CRV 2019 12 04 23 00 00 64.9863 -147.5980 32 0 2019 12 05 00 00 00
CRV 2019 12 05 23 00 00 64.9863 -147.5980 32 0 2019 12 06 00 00 00
CRV 2019 12 06 23 00 00 64.9863 -147.5980 32 0 2019 12 07 00 00 00
CRV 2019 12 07 23 00 00 64.9863 -147.5980 32 0 2019 12 08 00 00 00
CRV 2019 12 08 23 00 00 64.9863 -147.5980 32 0 2019 12 09 00 00 00
CRV 2019 12 09 23 00 00 64.9863 -147.5980 32 0 2019 12 10 00 00 00
CRV 2019 12 10 23 00 00 64.9863 -147.5980 32 0 2019 12 11 00 00 00
CRV 2019 12 11 23 00 00 64.9863 -147.5980 32 0 2019 12 12 00 00 00
CRV 2019 12 12 23 00 00 64.9863 -147.5980 32 0 2019 12 13 00 00 00
CRV 2019 12 13 23 00 00 64.9863 -147.5980 32 0 2019 12 14 00 00 00
CRV 2019 12 14 23 00 00 64.9863 -147.5980 32 0 2019 12 15 00 00 00
CRV 2019 12 15 23 00 00 64.9863 -147.5980 32 0 2019 12 16 00 00 00
CRV 2019 12 16 23 00 00 64.9863 -147.5980 32 0 2019 12 17 00 00 00
CRV 2019 12 17 23 00 00 64.9863 -147.5980 32 0 2019 12 18 00 00 00
CRV 2019 12 18 23 00 00 64.9863 -147.5980 32 0 2019 12 19 00 00 00
CRV 2019 12 19 23 00 00 64.9863 -147.5980 32 0 2019 12 20 00 00 00
CRV 2019 12 20 23 00 00 64.9863 -147.5980 32 0 2019 12 21 00 00 00
CRV 2019 12 21 23 00 00 64.9863 -147.5980 32 0 2019 12 22 00 00 00
CRV 2019 12 22 23 00 00 64.9863 -147.5980 32 0 2019 12 23 00 00 00
CRV 2019 12 23 23 00 00 64.9863 -147.5980 32 0 2019 12 24 00 00 00
CRV 2019 12 24 23 00 00 64.9863 -147.5980 32 0 2019 12 25 00 00 00
CRV 2019 12 25 23 00 00 64.9863 -147.5980 32 0 2019 12 26 00 00 00
CRV 2019 12 26 23 00 00 64.9863 -147.5980 32 0 2019 12 27 00 00 00
CRV 2019 12 27 23 00 00 64.9863 -147.5980 32 0 2019 12 28 00 00 00
CRV 2019 12 28 23 00 00 64.9863 -147.5980 32 0 2019 12 29 00 00 00
CRV 2019 12 29 23 00 00 64.9863 -147.5980 32 0 2019 12 30 00 00 00
CRV 2019 12 30 23 00 00 64.9863 -147.5980 32 0 2019 12 31 00 00 00
CRV 2019 12 31 23 00 00 64.9863 -147.5980 32 0 2020 01 01 00 00 00
CRV 2020 01 01 23 00 00 64.9863 -147.5980 32 0 2020 01 02 00 00 00
CRV 2020 01 02 23 00 00 64.9863 -147.5980 32 0 2020 01 03 00 00 00
CRV 2020 01 03 23 00 00 64.9863 -147.5980 32 0 2020 01 04 00 00 00
CRV 2020 01 04 23 00 00 64.9863 -147.5980 32 0 2020 01 05 00 00 00
CRV 2020 01 05 23 00 00 64.9863 -147.5980 32 0 2020 01 06 00 00 00
CRV 2020 01 06 23 00 00 64.9863 -147.5980 32 0 2020 01 07 00 00 00
CRV 2020 01 07 23 00 00 64.9863 -147.5980 32 0 2020 01 08 00 00 00
CRV 2020 01 08 23 00 00 64.9863 -147.5980 32 0 2020 01 09 00 00 00
CRV 2020 01 09 23 00 00 64.9863 -147.5980 32 0 2020 01 10 00 00 00
CRV 2020 01 10 23 00 00 64.9863 -147.5980 32 0 2020 01 11 00 00 00
CRV 2020 01 11 23 00 00 64.9863 -147.5980 32 0 2020 01 12 00 00 00
CRV 2020 01 12 23 00 00 64.9863 -147.5980 32 0 2020 01 13 00 00 00
CRV 2020 01 13 23 00 00 64.9863 -147.5980 32 0 2020 01 14 00 00 00
CRV 2020 01 14 23 00 00 64.9863 -147.5980 32 0 2020 01 15 00 00 00
CRV 2020 01 15 23 00 00 64.9863 -147.5980 32 0 2020 01 16 00 00 00
CRV 2020 01 16 23 00 00 64.9863 -147.5980 32 0 2020 01 17 00 00 00
CRV 2020 01 17 23 00 00 64.9863 -147.5980 32 0 2020 01 18 00 00 00
CRV 2020 01 18 23 00 00 64.9863 -147.5980 32 0 2020 01 19 00 00 00
CRV 2020 01 19 23 00 00 64.9863 -147.5980 32 0 2020 01 20 00 00 00
CRV 2020 01 20 23 00 00 64.9863 -147.5980 32 0 2020 01 21 00 00 00
CRV 2020 01 21 23 00 00 64.9863 -147.5980 32 0 2020 01 22 00 00 00
CRV 2020 01 22 23 00 00 64.9863 -147.5980 32 0 2020 01 23 00 00 00
CRV 2020 01 23 23 00 00 64.9863 -147.5980 32 0 2020 01 24 00 00 00
CRV 2020 01 24 23 00 00 64.9863 -147.5980 32 0 2020 01 25 00 00 00
CRV 2020 01 25 23 00 00 64.9863 -147.5980 32 0 2020 01 26 00 00 00
CRV 2020 01 26 23 00 00 64.9863 -147.5980 32 0 2020 01 27 00 00 00
CRV 2020 01 27 23 00 00 64.9863 -147.5980 32 0 2020 01 28 00 00 00
CRV 2020 01 28 23 00 00 64.9863 -147.5980 32 0 2020 01 29 00 00 00
CRV 2020 01 29 23 00 00 64.9863 -147.5980 32 0 2020 01 30 00 00 00
CRV 2020 01 30 23 00 00 64.9863 -147.5980 32 0 2020 01 31 00 00 00
CRV 2020 01 31 23 00 00 64.9863 -147.5980 32 0 2020 02 01 00 00 00
CRV 2020 02 01 23 00 00 64.9863 -147.5980 32 0 2020 02 02 00 00 00
CRV 2020 02 02 23 00 00 64.9863 -147.5980 32 0 2020 02 03 00 00 00
CRV 2020 02 04 23 00 00 64.9863 -147.5980 32 0 2020 02 05 00 00 00
CRV 2020 02 05 23 00 00 64.9863 -147.5980 32 0 2020 02 06 00 00 00
CRV 2020 02 06 23 00 00 64.9863 -147.5980 32 0 2020 02 07 00 00 00
CRV 2020 02 07 23 00 00 64.9863 -147.5980 32 0 2020 02 08 00 00 00
CRV 2020 02 08 23 00 00 64.9863 -147.5980 32 0 2020 02 09 00 00 00
CRV 2020 02 09 23 00 00 64.9863 -147.5980 32 0 2020 02 10 00 00 00
CRV 2020 02 10 23 00 00 64.9863 -147.5980 32 0 2020 02 11 00 00 00
CRV 2020 02 21 23 00 00 64.9863 -147.5980 32 0 2020 02 22 00 00 00
CRV 2020 02 22 23 00 00 64.9863 -147.5980 32 0 2020 02 23 00 00 00
CRV 2020 02 23 23 00 00 64.9863 -147.5980 32 0 2020 02 24 00 00 00
CRV 2020 02 24 23 00 00 64.9863 -147.5980 32 0 2020 02 25 00 00 00
CRV 2020 02 25 23 00 00 64.9863 -147.5980 32 0 2020 02 26 00 00 00
CRV 2020 02 26 23 00 00 64.9863 -147.5980 32 0 2020 02 27 00 00 00
CRV 2020 02 27 23 00 00 64.9863 -147.5980 32 0 2020 02 28 00 00 00
CRV 2020 02 28 23 00 00 64.9863 -147.5980 32 0 2020 02 29 00 00 00
CRV 2020 02 29 23 00 00 64.9863 -147.5980 32 0 2020 03 01 00 00 00
CRV 2020 03 01 23 00 00 64.9863 -147.5980 32 0 2020 03 02 00 00 00
CRV 2020 03 02 23 00 00 64.9863 -147.5980 32 0 2020 03 03 00 00 00
CRV 2020 03 03 23 00 00 64.9863 -147.5980 32 0 2020 03 04 00 00 00
CRV 2020 03 04 23 00 00 64.9863 -147.5980 32 0 2020 03 05 00 00 00
CRV 2020 03 05 23 00 00 64.9863 -147.5980 32 0 2020 03 06 00 00 00
CRV 2020 04 04 23 00 00 64.9863 -147.5980 32 0 2020 04 05 00 00 00
CRV 2020 04 05 23 00 00 64.9863 -147.5980 32 0 2020 04 06 00 00 00
CRV 2020 04 06 23 00 00 64.9863 -147.5980 32 0 2020 04 07 00 00 00
CRV 2020 04 07 23 00 00 64.9863 -147.5980 32 0 2020 04 08 00 00 00
CRV 2020 04 08 23 00 00 64.9863 -147.5980 32 0 2020 04 09 00 00 00
CRV 2020 04 09 23 00 00 64.9863 -147.5980 32 0 2020 04 10 00 00 00
CRV 2020 04 10 23 00 00 64.9863 -147.5980 32 0 2020 04 11 00 00 00
CRV 2020 04 11 23 00 00 64.9863 -147.5980 32 0 2020 04 12 00 00 00
CRV 2020 04 12 23 00 00 64.9863 -147.5980 32 0 2020 04 13 00 00 00
CRV 2020 04 13 23 00 00 64.9863 -147.5980 32 0 2020 04 14 00 00 00
CRV 2020 04 14 23 00 00 64.9863 -147.5980 32 0 2020 04 15 00 00 00
CRV 2020 04 15 23 00 00 64.9863 -147.5980 32 0 2020 04 16 00 00 00
CRV 2020 04 16 23 00 00 64.9863 -147.5980 32 0 2020 04 17 00 00 00
CRV 2020 04 17 23 00 00 64.9863 -147.5980 32 0 2020 04 18 00 00 00
CRV 2020 04 18 23 00 00 64.9863 -147.5980 32 0 2020 04 19 00 00 00
CRV 2020 04 19 23 00 00 64.9863 -147.5980 32 0 2020 04 20 00 00 00
CRV 2020 04 20 23 00 00 64.9863 -147.5980 32 0 2020 04 21 00 00 00
CRV 2020 04 21 23 00 00 64.9863 -147.5980 32 0 2020 04 22 00 00 00
CRV 2020 04 22 23 00 00 64.9863 -147.5980 32 0 2020 04 23 00 00 00
CRV 2020 04 23 23 00 00 64.9863 -147.5980 32 0 2020 04 24 00 00 00
CRV 2020 04 24 23 00 00 64.9863 -147.5980 32 0 2020 04 25 00 00 00
CRV 2020 04 25 23 00 00 64.9863 -147.5980 32 0 2020 04 26 00 00 00
CRV 2020 04 26 23 00 00 64.9863 -147.5980 32 0 2020 04 27 00 00 00
CRV 2020 04 27 23 00 00 64.9863 -147.5980 32 0 2020 04 28 00 00 00
CRV 2020 04 28 23 00 00 64.9863 -147.5980 32 0 2020 04 29 00 00 00
CRV 2020 04 29 23 00 00 64.9863 -147.5980 32 0 2020 04 30 00 00 00
CRV 2020 05 05 23 00 00 64.9863 -147.5980 32 0 2020 05 06 00 00 00
CRV 2020 05 06 23 00 00 64.9863 -147.5980 32 0 2020 05 07 00 00 00
CRV 2020 05 07 23 00 00 64.9863 -147.5980 32 0 2020 05 08 00 00 00
CRV 2020 05 08 23 00 00 64.9863 -147.5980 32 0 2020 05 09 00 00 00
CRV 2020 05 09 23 00 00 64.9863 -147.5980 32 0 2020 05 10 00 00 00
CRV 2020 05 10 23 00 00 64.9863 -147.5980 32 0 2020 05 11 00 00 00
CRV 2020 05 11 23 00 00 64.9863 -147.5980 32 0 2020 05 12 00 00 00
CRV 2020 05 12 23 00 00 64.9863 -147.5980 32 0 2020 05 13 00 00 00
CRV 2020 05 13 23 00 00 64.9863 -147.5980 32 0 2020 05 14 00 00 00
CRV 2020 05 14 23 00 00 64.9863 -147.5980 32 0 2020 05 15 00 00 00
CRV 2020 05 15 23 00 00 64.9863 -147.5980 32 0 2020 05 16 00 00 00
CRV 2020 05 16 23 00 00 64.9863 -147.5980 32 0 2020 05 17 00 00 00
CRV 2020 05 17 23 00 00 64.9863 -147.5980 32 0 2020 05 18 00 00 00
CRV 2020 05 18 23 00 00 64.9863 -147.5980 32 0 2020 05 19 00 00 00
CRV 2020 05 19 23 00 00 64.9863 -147.5980 32 0 2020 05 20 00 00 00
CRV 2020 05 20 23 00 00 64.9863 -147.5980 32 0 2020 05 21 00 00 00
CRV 2020 05 21 23 00 00 64.9863 -147.5980 32 0 2020 05 22 00 00 00
CRV 2020 05 22 23 00 00 64.9863 -147.5980 32 0 2020 05 23 00 00 00
CRV 2020 05 23 23 00 00 64.9863 -147.5980 32 0 2020 05 24 00 00 00
CRV 2020 05 24 23 00 00 64.9863 -147.5980 32 0 2020 05 25 00 00 00
CRV 2020 05 25 23 00 00 64.9863 -147.5980 32 0 2020 05 26 00 00 00
CRV 2020 05 26 23 00 00 64.9863 -147.5980 32 0 2020 05 27 00 00 00
CRV 2020 05 27 23 00 00 64.9863 -147.5980 32 0 2020 05 28 00 00 00
CRV 2020 05 28 23 00 00 64.9863 -147.5980 32 0 2020 05 29 00 00 00
CRV 2020 05 29 23 00 00 64.9863 -147.5980 32 0 2020 05 30 00 00 00
CRV 2020 05 30 23 00 00 64.9863 -147.5980 32 0 2020 05 31 00 00 00
CRV 2020 05 31 23 00 00 64.9863 -147.5980 32 0 2020 06 01 00 00 00
CRV 2020 06 01 23 00 00 64.9863 -147.5980 32 0 2020 06 02 00 00 00
CRV 2020 06 02 23 00 00 64.9863 -147.5980 32 0 2020 06 03 00 00 00
CRV 2020 06 03 23 00 00 64.9863 -147.5980 32 0 2020 06 04 00 00 00
CRV 2020 06 04 23 00 00 64.9863 -147.5980 32 0 2020 06 05 00 00 00
CRV 2020 06 05 23 00 00 64.9863 -147.5980 32 0 2020 06 06 00 00 00
CRV 2020 06 06 23 00 00 64.9863 -147.5980 32 0 2020 06 07 00 00 00
CRV 2020 06 07 23 00 00 64.9863 -147.5980 32 0 2020 06 08 00 00 00
CRV 2020 06 08 23 00 00 64.9863 -147.5980 32 0 2020 06 09 00 00 00
CRV 2020 06 09 23 00 00 64.9863 -147.5980 32 0 2020 06 10 00 00 00
CRV 2020 06 10 23 00 00 64.9863 -147.5980 32 0 2020 06 11 00 00 00
CRV 2020 06 11 23 00 00 64.9863 -147.5980 32 0 2020 06 12 00 00 00
CRV 2020 06 12 23 00 00 64.9863 -147.5980 32 0 2020 06 13 00 00 00
CRV 2020 06 13 23 00 00 64.9863 -147.5980 32 0 2020 06 14 00 00 00
CRV 2020 06 14 23 00 00 64.9863 -147.5980 32 0 2020 06 15 00 00 00
CRV 2020 06 15 23 00 00 64.9863 -147.5980 32 0 2020 06 16 00 00 00
CRV 2020 06 16 23 00 00 64.9863 -147.5980 32 0 2020 06 17 00 00 00
CRV 2020 06 17 23 00 00 64.9863 -147.5980 32 0 2020 06 18 00 00 00
CRV 2020 06 18 23 00 00 64.9863 -147.5980 32 0 2020 06 19 00 00 00
CRV 2020 06 19 23 00 00 64.9863 -147.5980 32 0 2020 06 20 00 00 00
CRV 2020 06 20 23 00 00 64.9863 -147.5980 32 0 2020 06 21 00 00 00
CRV 2020 06 21 23 00 00 64.9863 -147.5980 32 0 2020 06 22 00 00 00
CRV 2020 06 22 23 00 00 64.9863 -147.5980 32 0 2020 06 23 00 00 00
CRV 2020 06 23 23 00 00 64.9863 -147.5980 32 0 2020 06 24 00 00 00
CRV 2020 06 24 23 00 00 64.9863 -147.5980 32 0 2020 06 25 00 00 00
CRV 2020 06 25 23 00 00 64.9863 -147.5980 32 0 2020 06 26 00 00 00
CRV 2020 06 26 23 00 00 64.9863 -147.5980 32 0 2020 06 27 00 00 00
CRV 2020 06 27 23 00 00 64.9863 -147.5980 32 0 2020 06 28 00 00 00
CRV 2020 06 28 23 00 00 64.9863 -147.5980 32 0 2020 06 29 00 00 00
CRV 2020 06 29 23 00 00 64.9863 -147.5980 32 0 2020 06 30 00 00 00
CRV 2020 06 30 23 00 00 64.9863 -147.5980 32 0 2020 07 01 00 00 00
CRV 2020 07 01 23 00 00 64.9863 -147.5980 32 0 2020 07 02 00 00 00
CRV 2020 07 02 23 00 00 64.9863 -147.5980 32 0 2020 07 03 00 00 00
CRV 2020 07 03 23 00 00 64.9863 -147.5980 32 0 2020 07 04 00 00 00
CRV 2020 07 04 23 00 00 64.9863 -147.5980 32 0 2020 07 05 00 00 00
CRV 2020 07 05 23 00 00 64.9863 -147.5980 32 0 2020 07 06 00 00 00
CRV 2020 07 06 23 00 00 64.9863 -147.5980 32 0 2020 07 07 00 00 00
CRV 2020 07 07 23 00 00 64.9863 -147.5980 32 0 2020 07 08 00 00 00
CRV 2020 07 08 23 00 00 64.9863 -147.5980 32 0 2020 07 09 00 00 00
CRV 2020 07 09 23 00 00 64.9863 -147.5980 32 0 2020 07 10 00 00 00
CRV 2020 07 10 23 00 00 64.9863 -147.5980 32 0 2020 07 11 00 00 00
CRV 2020 07 11 23 00 00 64.9863 -147.5980 32 0 2020 07 12 00 00 00
CRV 2020 07 12 23 00 00 64.9863 -147.5980 32 0 2020 07 13 00 00 00
CRV 2020 07 13 23 00 00 64.9863 -147.5980 32 0 2020 07 14 00 00 00
CRV 2020 07 14 23 00 00 64.9863 -147.5980 32 0 2020 07 15 00 00 00
CRV 2020 07 15 23 00 00 64.9863 -147.5980 32 0 2020 07 16 00 00 00
CRV 2020 07 16 23 00 00 64.9863 -147.5980 32 0 2020 07 17 00 00 00
CRV 2020 07 17 23 00 00 64.9863 -147.5980 32 0 2020 07 18 00 00 00
CRV 2020 07 18 23 00 00 64.9863 -147.5980 32 0 2020 07 19 00 00 00
CRV 2020 07 19 23 00 00 64.9863 -147.5980 32 0 2020 07 20 00 00 00
CRV 2020 07 20 23 00 00 64.9863 -147.5980 32 0 2020 07 21 00 00 00
CRV 2020 07 21 23 00 00 64.9863 -147.5980 32 0 2020 07 22 00 00 00
CRV 2020 07 22 23 00 00 64.9863 -147.5980 32 0 2020 07 23 00 00 00
CRV 2020 07 23 23 00 00 64.9863 -147.5980 32 0 2020 07 24 00 00 00
CRV 2020 07 24 23 00 00 64.9863 -147.5980 32 0 2020 07 25 00 00 00
CRV 2020 07 25 23 00 00 64.9863 -147.5980 32 0 2020 07 26 00 00 00
CRV 2020 07 26 23 00 00 64.9863 -147.5980 32 0 2020 07 27 00 00 00
CRV 2020 07 27 23 00 00 64.9863 -147.5980 32 0 2020 07 28 00 00 00
CRV 2020 07 28 23 00 00 64.9863 -147.5980 32 0 2020 07 29 00 00 00
CRV 2020 07 29 23 00 00 64.9863 -147.5980 32 0 2020 07 30 00 00 00
CRV 2020 07 30 23 00 00 64.9863 -147.5980 32 0 2020 07 31 00 00 00
CRV 2020 07 31 23 00 00 64.9863 -147.5980 32 0 2020 08 01 00 00 00
CRV 2020 08 01 23 00 00 64.9863 -147.5980 32 0 2020 08 02 00 00 00
CRV 2020 08 02 23 00 00 64.9863 -147.5980 32 0 2020 08 03 00 00 00
CRV 2020 08 03 23 00 00 64.9863 -147.5980 32 0 2020 08 04 00 00 00
CRV 2020 08 04 23 00 00 64.9863 -147.5980 32 0 2020 08 05 00 00 00
CRV 2020 08 05 23 00 00 64.9863 -147.5980 32 0 2020 08 06 00 00 00
CRV 2020 08 06 23 00 00 64.9863 -147.5980 32 0 2020 08 07 00 00 00
CRV 2020 08 07 23 00 00 64.9863 -147.5980 32 0 2020 08 08 00 00 00
CRV 2020 08 08 23 00 00 64.9863 -147.5980 32 0 2020 08 09 00 00 00
CRV 2020 08 09 23 00 00 64.9863 -147.5980 32 0 2020 08 10 00 00 00
CRV 2020 08 10 23 00 00 64.9863 -147.5980 32 0 2020 08 11 00 00 00
CRV 2020 08 11 23 00 00 64.9863 -147.5980 32 0 2020 08 12 00 00 00
CRV 2020 08 12 23 00 00 64.9863 -147.5980 32 0 2020 08 13 00 00 00
CRV 2020 08 13 23 00 00 64.9863 -147.5980 32 0 2020 08 14 00 00 00
CRV 2020 08 14 23 00 00 64.9863 -147.5980 32 0 2020 08 15 00 00 00
CRV 2020 08 15 23 00 00 64.9863 -147.5980 32 0 2020 08 16 00 00 00
CRV 2020 08 16 23 00 00 64.9863 -147.5980 32 0 2020 08 17 00 00 00
CRV 2020 08 17 23 00 00 64.9863 -147.5980 32 0 2020 08 18 00 00 00
CRV 2020 08 18 23 00 00 64.9863 -147.5980 32 0 2020 08 19 00 00 00
CRV 2020 08 19 23 00 00 64.9863 -147.5980 32 0 2020 08 20 00 00 00
CRV 2020 08 20 23 00 00 64.9863 -147.5980 32 0 2020 08 21 00 00 00
CRV 2020 08 21 23 00 00 64.9863 -147.5980 32 0 2020 08 22 00 00 00
CRV 2020 08 22 23 00 00 64.9863 -147.5980 32 0 2020 08 23 00 00 00
CRV 2020 08 23 23 00 00 64.9863 -147.5980 32 0 2020 08 24 00 00 00
CRV 2020 09 11 23 00 00 64.9863 -147.5980 32 0 2020 09 12 00 00 00
CRV 2020 09 12 23 00 00 64.9863 -147.5980 32 0 2020 09 13 00 00 00
CRV 2020 09 13 23 00 00 64.9863 -147.5980 32 0 2020 09 14 00 00 00
CRV 2020 09 14 23 00 00 64.9863 -147.5980 32 0 2020 09 15 00 00 00
CRV 2020 09 15 23 00 00 64.9863 -147.5980 32 0 2020 09 16 00 00 00
CRV 2020 09 16 23 00 00 64.9863 -147.5980 32 0 2020 09 17 00 00 00
CRV 2020 09 17 23 00 00 64.9863 -147.5980 32 0 2020 09 18 00 00 00
CRV 2020 09 18 23 00 00 64.9863 -147.5980 32 0 2020 09 19 00 00 00
CRV 2020 09 19 23 00 00 64.9863 -147.5980 32 0 2020 09 20 00 00 00
CRV 2020 09 20 23 00 00 64.9863 -147.5980 32 0 2020 09 21 00 00 00
CRV 2020 09 21 23 00 00 64.9863 -147.5980 32 0 2020 09 22 00 00 00
CRV 2020 09 22 23 00 00 64.9863 -147.5980 32 0 2020 09 23 00 00 00
CRV 2020 09 23 23 00 00 64.9863 -147.5980 32 0 2020 09 24 00 00 00
CRV 2020 09 24 23 00 00 64.9863 -147.5980 32 0 2020 09 25 00 00 00
CRV 2020 09 25 23 00 00 64.9863 -147.5980 32 0 2020 09 26 00 00 00
CRV 2020 09 26 23 00 00 64.9863 -147.5980 32 0 2020 09 27 00 00 00
CRV 2020 09 27 23 00 00 64.9863 -147.5980 32 0 2020 09 28 00 00 00
CRV 2020 09 28 23 00 00 64.9863 -147.5980 32 0 2020 09 29 00 00 00
CRV 2020 09 29 23 00 00 64.9863 -147.5980 32 0 2020 09 30 00 00 00
CRV 2020 09 30 23 00 00 64.9863 -147.5980 32 0 2020 10 01 00 00 00
CRV 2020 10 01 23 00 00 64.9863 -147.5980 32 0 2020 10 02 00 00 00
CRV 2020 10 02 23 00 00 64.9863 -147.5980 32 0 2020 10 03 00 00 00
CRV 2020 10 03 23 00 00 64.9863 -147.5980 32 0 2020 10 04 00 00 00
CRV 2020 10 04 23 00 00 64.9863 -147.5980 32 0 2020 10 05 00 00 00
CRV 2020 10 05 23 00 00 64.9863 -147.5980 32 0 2020 10 06 00 00 00
CRV 2020 10 06 23 00 00 64.9863 -147.5980 32 0 2020 10 07 00 00 00
CRV 2020 10 07 23 00 00 64.9863 -147.5980 32 0 2020 10 08 00 00 00
CRV 2020 10 08 23 00 00 64.9863 -147.5980 32 0 2020 10 09 00 00 00
CRV 2020 10 09 23 00 00 64.9863 -147.5980 32 0 2020 10 10 00 00 00
CRV 2020 10 10 23 00 00 64.9863 -147.5980 32 0 2020 10 11 00 00 00
CRV 2020 10 11 23 00 00 64.9863 -147.5980 32 0 2020 10 12 00 00 00
CRV 2020 10 12 23 00 00 64.9863 -147.5980 32 0 2020 10 13 00 00 00
CRV 2020 10 13 23 00 00 64.9863 -147.5980 32 0 2020 10 14 00 00 00
CRV 2020 10 15 23 00 00 64.9863 -147.5980 32 0 2020 10 16 00 00 00
CRV 2020 10 16 23 00 00 64.9863 -147.5980 32 0 2020 10 17 00 00 00
CRV 2020 10 17 23 00 00 64.9863 -147.5980 32 0 2020 10 18 00 00 00
CRV 2020 10 18 23 00 00 64.9863 -147.5980 32 0 2020 10 19 00 00 00
CRV 2020 10 19 23 00 00 64.9863 -147.5980 32 0 2020 10 20 00 00 00
CRV 2020 10 20 23 00 00 64.9863 -147.5980 32 0 2020 10 21 00 00 00
CRV 2020 10 21 23 00 00 64.9863 -147.5980 32 0 2020 10 22 00 00 00
CRV 2020 10 22 23 00 00 64.9863 -147.5980 32 0 2020 10 23 00 00 00
CRV 2020 10 23 23 00 00 64.9863 -147.5980 32 0 2020 10 24 00 00 00
CRV 2020 10 24 23 00 00 64.9863 -147.5980 32 0 2020 10 25 00 00 00
CRV 2020 10 25 23 00 00 64.9863 -147.5980 32 0 2020 10 26 00 00 00
CRV 2020 10 26 23 00 00 64.9863 -147.5980 32 0 2020 10 27 00 00 00
CRV 2020 10 27 23 00 00 64.9863 -147.5980 32 0 2020 10 28 00 00 00
CRV 2020 10 28 23 00 00 64.9863 -147.5980 32 0 2020 10 29 00 00 00
CRV 2020 10 29 23 00 00 64.9863 -147.5980 32 0 2020 10 30 00 00 00
CRV 2020 10 30 23 00 00 64.9863 -147.5980 32 0 2020 10 31 00 00 00
CRV 2020 10 31 23 00 00 64.9863 -147.5980 32 0 2020 11 01 00 00 00
CRV 2020 11 01 23 00 00 64.9863 -147.5980 32 0 2020 11 02 00 00 00
CRV 2020 11 02 23 00 00 64.9863 -147.5980 32 0 2020 11 03 00 00 00
CRV 2020 11 03 23 00 00 64.9863 -147.5980 32 0 2020 11 04 00 00 00
CRV 2020 11 04 23 00 00 64.9863 -147.5980 32 0 2020 11 05 00 00 00
CRV 2020 11 05 23 00 00 64.9863 -147.5980 32 0 2020 11 06 00 00 00
CRV 2020 11 06 23 00 00 64.9863 -147.5980 32 0 2020 11 07 00 00 00
CRV 2020 11 07 23 00 00 64.9863 -147.5980 32 0 2020 11 08 00 00 00
CRV 2020 11 08 23 00 00 64.9863 -147.5980 32 0 2020 11 09 00 00 00
CRV 2020 11 09 23 00 00 64.9863 -147.5980 32 0 2020 11 10 00 00 00
CRV 2020 11 10 23 00 00 64.9863 -147.5980 32 0 2020 11 11 00 00 00
CRV 2020 11 11 23 00 00 64.9863 -147.5980 32 0 2020 11 12 00 00 00
CRV 2020 11 12 23 00 00 64.9863 -147.5980 32 0 2020 11 13 00 00 00
CRV 2020 11 13 23 00 00 64.9863 -147.5980 32 0 2020 11 14 00 00 00
CRV 2020 11 14 23 00 00 64.9863 -147.5980 32 0 2020 11 15 00 00 00
CRV 2020 11 15 23 00 00 64.9863 -147.5980 32 0 2020 11 16 00 00 00
CRV 2020 11 16 23 00 00 64.9863 -147.5980 32 0 2020 11 17 00 00 00
CRV 2020 11 17 23 00 00 64.9863 -147.5980 32 0 2020 11 18 00 00 00
CRV 2020 11 18 23 00 00 64.9863 -147.5980 32 0 2020 11 19 00 00 00
CRV 2020 11 19 23 00 00 64.9863 -147.5980 32 0 2020 11 20 00 00 00
CRV 2020 11 20 23 00 00 64.9863 -147.5980 32 0 2020 11 21 00 00 00
CRV 2020 11 21 23 00 00 64.9863 -147.5980 32 0 2020 11 22 00 00 00
CRV 2020 11 22 23 00 00 64.9863 -147.5980 32 0 2020 11 23 00 00 00
CRV 2020 11 23 23 00 00 64.9863 -147.5980 32 0 2020 11 24 00 00 00
CRV 2020 11 24 23 00 00 64.9863 -147.5980 32 0 2020 11 25 00 00 00
CRV 2020 11 25 23 00 00 64.9863 -147.5980 32 0 2020 11 26 00 00 00
CRV 2020 11 26 23 00 00 64.9863 -147.5980 32 0 2020 11 27 00 00 00
CRV 2020 11 27 23 00 00 64.9863 -147.5980 32 0 2020 11 28 00 00 00
CRV 2020 11 28 23 00 00 64.9863 -147.5980 32 0 2020 11 29 00 00 00
CRV 2020 11 29 23 00 00 64.9863 -147.5980 32 0 2020 11 30 00 00 00
CRV 2020 11 30 23 00 00 64.9863 -147.5980 32 0 2020 12 01 00 00 00
CRV 2020 12 01 23 00 00 64.9863 -147.5980 32 0 2020 12 02 00 00 00
CRV 2020 12 02 23 00 00 64.9863 -147.5980 32 0 2020 12 03 00 00 00
CRV 2020 12 03 23 00 00 64.9863 -147.5980 32 0 2020 12 04 00 00 00
CRV 2020 12 04 23 00 00 64.9863 -147.5980 32 0 2020 12 05 00 00 00
CRV 2020 12 05 23 00 00 64.9863 -147.5980 32 0 2020 12 06 00 00 00
CRV 2020 12 06 23 00 00 64.9863 -147.5980 32 0 2020 12 07 00 00 00
CRV 2020 12 07 23 00 00 64.9863 -147.5980 32 0 2020 12 08 00 00 00
CRV 2020 12 08 23 00 00 64.9863 -147.5980 32 0 2020 12 09 00 00 00
CRV 2020 12 09 23 00 00 64.9863 -147.5980 32 0 2020 12 10 00 00 00
CRV 2020 12 10 23 00 00 64.9863 -147.5980 32 0 2020 12 11 00 00 00
CRV 2020 12 11 23 00 00 64.9863 -147.5980 32 0 2020 12 12 00 00 00
CRV 2020 12 12 23 00 00 64.9863 -147.5980 32 0 2020 12 13 00 00 00
CRV 2020 12 13 23 00 00 64.9863 -147.5980 32 0 2020 12 14 00 00 00
CRV 2020 12 14 23 00 00 64.9863 -147.5980 32 0 2020 12 15 00 00 00
CRV 2020 12 15 23 00 00 64.9863 -147.5980 32 0 2020 12 16 00 00 00
CRV 2020 12 16 23 00 00 64.9863 -147.5980 32 0 2020 12 17 00 00 00
CRV 2020 12 17 23 00 00 64.9863 -147.5980 32 0 2020 12 18 00 00 00
CRV 2020 12 18 23 00 00 64.9863 -147.5980 32 0 2020 12 19 00 00 00
CRV 2020 12 19 23 00 00 64.9863 -147.5980 32 0 2020 12 20 00 00 00
CRV 2020 12 20 23 00 00 64.9863 -147.5980 32 0 2020 12 21 00 00 00
CRV 2020 12 21 23 00 00 64.9863 -147.5980 32 0 2020 12 22 00 00 00
CRV 2020 12 22 23 00 00 64.9863 -147.5980 32 0 2020 12 23 00 00 00
CRV 2020 12 23 23 00 00 64.9863 -147.5980 32 0 2020 12 24 00 00 00
CRV 2020 12 24 23 00 00 64.9863 -147.5980 32 0 2020 12 25 00 00 00
CRV 2020 12 25 23 00 00 64.9863 -147.5980 32 0 2020 12 26 00 00 00
CRV 2020 12 26 23 00 00 64.9863 -147.5980 32 0 2020 12 27 00 00 00
CRV 2020 12 27 23 00 00 64.9863 -147.5980 32 0 2020 12 28 00 00 00
CRV 2020 12 28 23 00 00 64.9863 -147.5980 32 0 2020 12 29 00 00 00
CRV 2020 12 29 23 00 00 64.9863 -147.5980 32 0 2020 12 30 00 00 00
CRV 2020 12 30 23 00 00 64.9863 -147.5980 32 0 2020 12 31 00 00 00
CRV 2020 12 31 23 00 00 64.9863 -147.5980 32 0 2021 01 01 00 00 00
LEF 2019 12 01 21 00 00 45.9451 -90.2732 396 0 2019 12 01 22 00 00
LEF 2019 12 02 21 00 00 45.9451 -90.2732 396 0 2019 12 02 22 00 00
LEF 2019 12 03 21 00 00 45.9451 -90.2732 396 0 2019 12 03 22 00 00
LEF 2019 12 04 21 00 00 45.9451 -90.2732 396 0 2019 12 04 22 00 00
LEF 2019 12 05 21 00 00 45.9451 -90.2732 396 0 2019 12 05 22 00 00
LEF 2019 12 06 21 00 00 45.9451 -90.2732 396 0 2019 12 06 22 00 00
LEF 2019 12 07 21 00 00 45.9451 -90.2732 396 0 2019 12 07 22 00 00
LEF 2019 12 08 21 00 00 45.9451 -90.2732 396 0 2019 12 08 22 00 00
LEF 2019 12 09 21 00 00 45.9451 -90.2732 396 0 2019 12 09 22 00 00
LEF 2019 12 10 21 00 00 45.9451 -90.2732 396 0 2019 12 10 22 00 00
LEF 2019 12 11 21 00 00 45.9451 -90.2732 396 0 2019 12 11 22 00 00
LEF 2019 12 12 21 00 00 45.9451 -90.2732 396 0 2019 12 12 22 00 00
LEF 2019 12 13 21 00 00 45.9451 -90.2732 396 0 2019 12 13 22 00 00
LEF 2019 12 14 21 00 00 45.9451 -90.2732 396 0 2019 12 14 22 00 00
LEF 2019 12 15 21 00 00 45.9451 -90.2732 396 0 2019 12 15 22 00 00
LEF 2019 12 16 21 00 00 45.9451 -90.2732 396 0 2019 12 16 22 00 00
LEF 2019 12 17 21 00 00 45.9451 -90.2732 396 0 2019 12 17 22 00 00
LEF 2019 12 18 21 00 00 45.9451 -90.2732 396 0 2019 12 18 22 00 00
LEF 2019 12 19 21 00 00 45.9451 -90.2732 396 0 2019 12 19 22 00 00
LEF 2019 12 20 21 00 00 45.9451 -90.2732 396 0 2019 12 20 22 00 00
LEF 2019 12 21 21 00 00 45.9451 -90.2732 396 0 2019 12 21 22 00 00
LEF 2019 12 22 21 00 00 45.9451 -90.2732 396 0 2019 12 22 22 00 00
LEF 2019 12 23 21 00 00 45.9451 -90.2732 396 0 2019 12 23 22 00 00
LEF 2019 12 24 21 00 00 45.9451 -90.2732 396 0 2019 12 24 22 00 00
LEF 2019 12 25 21 00 00 45.9451 -90.2732 396 0 2019 12 25 22 00 00
LEF 2019 12 26 21 00 00 45.9451 -90.2732 396 0 2019 12 26 22 00 00
LEF 2019 12 27 21 00 00 45.9451 -90.2732 396 0 2019 12 27 22 00 00
LEF 2019 12 28 21 00 00 45.9451 -90.2732 396 0 2019 12 28 22 00 00
LEF 2019 12 29 21 00 00 45.9451 -90.2732 396 0 2019 12 29 22 00 00
LEF 2019 12 30 21 00 00 45.9451 -90.2732 396 0 2019 12 30 22 00 00
LEF 2019 12 31 21 00 00 45.9451 -90.2732 396 0 2019 12 31 22 00 00
LEF 2020 01 01 21 00 00 45.9451 -90.2732 396 0 2020 01 01 22 00 00
LEF 2020 01 02 21 00 00 45.9451 -90.2732 396 0 2020 01 02 22 00 00
LEF 2020 01 03 21 00 00 45.9451 -90.2732 396 0 2020 01 03 22 00 00
LEF 2020 01 04 21 00 00 45.9451 -90.2732 396 0 2020 01 04 22 00 00
LEF 2020 01 05 21 00 00 45.9451 -90.2732 396 0 2020 01 05 22 00 00
LEF 2020 01 06 21 00 00 45.9451 -90.2732 396 0 2020 01 06 22 00 00
LEF 2020 01 07 21 00 00 45.9451 -90.2732 396 0 2020 01 07 22 00 00
LEF 2020 01 08 21 00 00 45.9451 -90.2732 396 0 2020 01 08 22 00 00
LEF 2020 01 09 21 00 00 45.9451 -90.2732 396 0 2020 01 09 22 00 00
LEF 2020 01 10 21 00 00 45.9451 -90.2732 396 0 2020 01 10 22 00 00
LEF 2020 01 11 21 00 00 45.9451 -90.2732 396 0 2020 01 11 22 00 00
LEF 2020 01 12 21 00 00 45.9451 -90.2732 396 0 2020 01 12 22 00 00
LEF 2020 01 13 21 00 00 45.9451 -90.2732 396 0 2020 01 13 22 00 00
LEF 2020 01 14 21 00 00 45.9451 -90.2732 396 0 2020 01 14 22 00 00
LEF 2020 01 15 21 00 00 45.9451 -90.2732 396 0 2020 01 15 22 00 00
LEF 2020 01 16 21 00 00 45.9451 -90.2732 396 0 2020 01 16 22 00 00
LEF 2020 01 17 21 00 00 45.9451 -90.2732 396 0 2020 01 17 22 00 00
LEF 2020 01 18 21 00 00 45.9451 -90.2732 396 0 2020 01 18 22 00 00
LEF 2020 01 19 21 00 00 45.9451 -90.2732 396 0 2020 01 19 22 00 00
LEF 2020 01 20 21 00 00 45.9451 -90.2732 396 0 2020 01 20 22 00 00
LEF 2020 01 21 21 00 00 45.9451 -90.2732 396 0 2020 01 21 22 00 00
LEF 2020 01 22 21 00 00 45.9451 -90.2732 396 0 2020 01 22 22 00 00
LEF 2020 01 23 21 00 00 45.9451 -90.2732 396 0 2020 01 23 22 00 00
LEF 2020 01 24 21 00 00 45.9451 -90.2732 396 0 2020 01 24 22 00 00
LEF 2020 01 25 21 00 00 45.9451 -90.2732 396 0 2020 01 25 22 00 00
LEF 2020 01 26 21 00 00 45.9451 -90.2732 396 0 2020 01 26 22 00 00
LEF 2020 01 27 21 00 00 45.9451 -90.2732 396 0 2020 01 27 22 00 00
LEF 2020 01 28 21 00 00 45.9451 -90.2732 396 0 2020 01 28 22 00 00
LEF 2020 01 29 21 00 00 45.9451 -90.2732 396 0 2020 01 29 22 00 00
LEF 2020 01 30 21 00 00 45.9451 -90.2732 396 0 2020 01 30 22 00 00
LEF 2020 01 31 21 00 00 45.9451 -90.2732 396 0 2020 01 31 22 00 00
LEF 2020 02 01 21 00 00 45.9451 -90.2732 396 0 2020 02 01 22 00 00
LEF 2020 02 02 21 00 00 45.9451 -90.2732 396 0 2020 02 02 22 00 00
LEF 2020 02 03 21 00 00 45.9451 -90.2732 396 0 2020 02 03 22 00 00
LEF 2020 02 04 21 00 00 45.9451 -90.2732 396 0 2020 02 04 22 00 00
LEF 2020 02 05 21 00 00 45.9451 -90.2732 396 0 2020 02 05 22 00 00
LEF 2020 02 06 21 00 00 45.9451 -90.2732 396 0 2020 02 06 22 00 00
LEF 2020 02 07 21 00 00 45.9451 -90.2732 396 0 2020 02 07 22 00 00
LEF 2020 02 08 21 00 00 45.9451 -90.2732 396 0 2020 02 08 22 00 00
LEF 2020 02 09 21 00 00 45.9451 -90.2732 396 0 2020 02 09 22 00 00
LEF 2020 02 10 21 00 00 45.9451 -90.2732 396 0 2020 02 10 22 00 00
LEF 2020 02 11 21 00 00 45.9451 -90.2732 396 0 2020 02 11 22 00 00
LEF 2020 02 12 21 00 00 45.9451 -90.2732 396 0 2020 02 12 22 00 00
LEF 2020 02 13 21 00 00 45.9451 -90.2732 396 0 2020 02 13 22 00 00
LEF 2020 02 14 21 00 00 45.9451 -90.2732 396 0 2020 02 14 22 00 00
LEF 2020 02 15 21 00 00 45.9451 -90.2732 396 0 2020 02 15 22 00 00
LEF 2020 02 16 21 00 00 45.9451 -90.2732 396 0 2020 02 16 22 00 00
LEF 2020 02 17 21 00 00 45.9451 -90.2732 396 0 2020 02 17 22 00 00
LEF 2020 02 18 21 00 00 45.9451 -90.2732 396 0 2020 02 18 22 00 00
LEF 2020 02 19 21 00 00 45.9451 -90.2732 396 0 2020 02 19 22 00 00
LEF 2020 02 20 21 00 00 45.9451 -90.2732 396 0 2020 02 20 22 00 00
LEF 2020 02 21 21 00 00 45.9451 -90.2732 396 0 2020 02 21 22 00 00
LEF 2020 02 22 21 00 00 45.9451 -90.2732 396 0 2020 02 22 22 00 00
LEF 2020 02 23 21 00 00 45.9451 -90.2732 396 0 2020 02 23 22 00 00
LEF 2020 02 24 21 00 00 45.9451 -90.2732 396 0 2020 02 24 22 00 00
LEF 2020 02 25 21 00 00 45.9451 -90.2732 396 0 2020 02 25 22 00 00
LEF 2020 02 26 21 00 00 45.9451 -90.2732 396 0 2020 02 26 22 00 00
LEF 2020 02 27 21 00 00 45.9451 -90.2732 396 0 2020 02 27 22 00 00
LEF 2020 02 28 21 00 00 45.9451 -90.2732 396 0 2020 02 28 22 00 00
LEF 2020 02 29 21 00 00 45.9451 -90.2732 396 0 2020 02 29 22 00 00
LEF 2020 03 01 21 00 00 45.9451 -90.2732 396 0 2020 03 01 22 00 00
LEF 2020 03 02 21 00 00 45.9451 -90.2732 396 0 2020 03 02 22 00 00
LEF 2020 03 03 21 00 00 45.9451 -90.2732 396 0 2020 03 03 22 00 00
LEF 2020 03 04 21 00 00 45.9451 -90.2732 396 0 2020 03 04 22 00 00
LEF 2020 03 05 21 00 00 45.9451 -90.2732 396 0 2020 03 05 22 00 00
LEF 2020 03 06 21 00 00 45.9451 -90.2732 396 0 2020 03 06 22 00 00
LEF 2020 03 07 21 00 00 45.9451 -90.2732 396 0 2020 03 07 22 00 00
LEF 2020 03 08 21 00 00 45.9451 -90.2732 396 0 2020 03 08 22 00 00
LEF 2020 03 09 21 00 00 45.9451 -90.2732 396 0 2020 03 09 22 00 00
LEF 2020 03 10 21 00 00 45.9451 -90.2732 396 0 2020 03 10 22 00 00
LEF 2020 03 11 21 00 00 45.9451 -90.2732 396 0 2020 03 11 22 00 00
LEF 2020 03 12 21 00 00 45.9451 -90.2732 396 0 2020 03 12 22 00 00
LEF 2020 03 13 21 00 00 45.9451 -90.2732 396 0 2020 03 13 22 00 00
LEF 2020 03 14 21 00 00 45.9451 -90.2732 396 0 2020 03 14 22 00 00
LEF 2020 03 15 21 00 00 45.9451 -90.2732 396 0 2020 03 15 22 00 00
LEF 2020 03 16 21 00 00 45.9451 -90.2732 396 0 2020 03 16 22 00 00
LEF 2020 03 17 21 00 00 45.9451 -90.2732 396 0 2020 03 17 22 00 00
LEF 2020 03 18 21 00 00 45.9451 -90.2732 396 0 2020 03 18 22 00 00
LEF 2020 03 19 21 00 00 45.9451 -90.2732 396 0 2020 03 19 22 00 00
LEF 2020 03 20 21 00 00 45.9451 -90.2732 396 0 2020 03 20 22 00 00
LEF 2020 03 21 21 00 00 45.9451 -90.2732 396 0 2020 03 21 22 00 00
LEF 2020 03 22 21 00 00 45.9451 -90.2732 396 0 2020 03 22 22 00 00
LEF 2020 03 23 21 00 00 45.9451 -90.2732 396 0 2020 03 23 22 00 00
LEF 2020 03 24 21 00 00 45.9451 -90.2732 396 0 2020 03 24 22 00 00
LEF 2020 03 25 21 00 00 45.9451 -90.2732 396 0 2020 03 25 22 00 00
LEF 2020 03 26 21 00 00 45.9451 -90.2732 396 0 2020 03 26 22 00 00
LEF 2020 03 27 21 00 00 45.9451 -90.2732 396 0 2020 03 27 22 00 00
LEF 2020 03 28 21 00 00 45.9451 -90.2732 396 0 2020 03 28 22 00 00
LEF 2020 03 29 21 00 00 45.9451 -90.2732 396 0 2020 03 29 22 00 00
LEF 2020 03 30 21 00 00 45.9451 -90.2732 396 0 2020 03 30 22 00 00
LEF 2020 03 31 21 00 00 45.9451 -90.2732 396 0 2020 03 31 22 00 00
LEF 2020 04 01 21 00 00 45.9451 -90.2732 396 0 2020 04 01 22 00 00
LEF 2020 04 02 21 00 00 45.9451 -90.2732 396 0 2020 04 02 22 00 00
LEF 2020 04 03 21 00 00 45.9451 -90.2732 396 0 2020 04 03 22 00 00
LEF 2020 04 04 21 00 00 45.9451 -90.2732 396 0 2020 04 04 22 00 00
LEF 2020 04 05 21 00 00 45.9451 -90.2732 396 0 2020 04 05 22 00 00
LEF 2020 04 06 21 00 00 45.9451 -90.2732 396 0 2020 04 06 22 00 00
LEF 2020 04 07 21 00 00 45.9451 -90.2732 396 0 2020 04 07 22 00 00
LEF 2020 04 08 21 00 00 45.9451 -90.2732 396 0 2020 04 08 22 00 00
LEF 2020 04 09 21 00 00 45.9451 -90.2732 396 0 2020 04 09 22 00 00
LEF 2020 04 10 21 00 00 45.9451 -90.2732 396 0 2020 04 10 22 00 00
LEF 2020 04 11 21 00 00 45.9451 -90.2732 396 0 2020 04 11 22 00 00
LEF 2020 04 12 21 00 00 45.9451 -90.2732 396 0 2020 04 12 22 00 00
LEF 2020 04 13 21 00 00 45.9451 -90.2732 396 0 2020 04 13 22 00 00
LEF 2020 04 14 21 00 00 45.9451 -90.2732 396 0 2020 04 14 22 00 00
LEF 2020 04 15 21 00 00 45.9451 -90.2732 396 0 2020 04 15 22 00 00
LEF 2020 04 16 21 00 00 45.9451 -90.2732 396 0 2020 04 16 22 00 00
LEF 2020 04 17 21 00 00 45.9451 -90.2732 396 0 2020 04 17 22 00 00
LEF 2020 04 18 21 00 00 45.9451 -90.2732 396 0 2020 04 18 22 00 00
LEF 2020 04 19 21 00 00 45.9451 -90.2732 396 0 2020 04 19 22 00 00
LEF 2020 04 20 21 00 00 45.9451 -90.2732 396 0 2020 04 20 22 00 00
LEF 2020 04 21 21 00 00 45.9451 -90.2732 396 0 2020 04 21 22 00 00
LEF 2020 04 22 21 00 00 45.9451 -90.2732 396 0 2020 04 22 22 00 00
LEF 2020 04 23 21 00 00 45.9451 -90.2732 396 0 2020 04 23 22 00 00
LEF 2020 04 24 21 00 00 45.9451 -90.2732 396 0 2020 04 24 22 00 00
LEF 2020 04 25 21 00 00 45.9451 -90.2732 396 0 2020 04 25 22 00 00
LEF 2020 04 26 21 00 00 45.9451 -90.2732 396 0 2020 04 26 22 00 00
LEF 2020 04 27 21 00 00 45.9451 -90.2732 396 0 2020 04 27 22 00 00
LEF 2020 04 28 21 00 00 45.9451 -90.2732 396 0 2020 04 28 22 00 00
LEF 2020 04 29 21 00 00 45.9451 -90.2732 396 0 2020 04 29 22 00 00
LEF 2020 04 30 21 00 00 45.9451 -90.2732 396 0 2020 04 30 22 00 00
LEF 2020 05 01 21 00 00 45.9451 -90.2732 396 0 2020 05 01 22 00 00
LEF 2020 05 02 21 00 00 45.9451 -90.2732 396 0 2020 05 02 22 00 00
LEF 2020 05 03 21 00 00 45.9451 -90.2732 396 0 2020 05 03 22 00 00
LEF 2020 05 04 21 00 00 45.9451 -90.2732 396 0 2020 05 04 22 00 00
LEF 2020 05 05 21 00 00 45.9451 -90.2732 396 0 2020 05 05 22 00 00
LEF 2020 05 06 21 00 00 45.9451 -90.2732 396 0 2020 05 06 22 00 00
LEF 2020 05 07 21 00 00 45.9451 -90.2732 396 0 2020 05 07 22 00 00
LEF 2020 05 08 21 00 00 45.9451 -90.2732 396 0 2020 05 08 22 00 00
LEF 2020 05 09 21 00 00 45.9451 -90.2732 396 0 2020 05 09 22 00 00
LEF 2020 05 10 21 00 00 45.9451 -90.2732 396 0 2020 05 10 22 00 00
LEF 2020 05 11 21 00 00 45.9451 -90.2732 396 0 2020 05 11 22 00 00
LEF 2020 05 12 21 00 00 45.9451 -90.2732 396 0 2020 05 12 22 00 00
LEF 2020 05 13 21 00 00 45.9451 -90.2732 396 0 2020 05 13 22 00 00
LEF 2020 05 14 21 00 00 45.9451 -90.2732 396 0 2020 05 14 22 00 00
LEF 2020 05 15 21 00 00 45.9451 -90.2732 396 0 2020 05 15 22 00 00
LEF 2020 05 16 21 00 00 45.9451 -90.2732 396 0 2020 05 16 22 00 00
LEF 2020 05 17 21 00 00 45.9451 -90.2732 396 0 2020 05 17 22 00 00
LEF 2020 05 18 21 00 00 45.9451 -90.2732 396 0 2020 05 18 22 00 00
LEF 2020 05 19 21 00 00 45.9451 -90.2732 396 0 2020 05 19 22 00 00
LEF 2020 05 20 21 00 00 45.9451 -90.2732 396 0 2020 05 20 22 00 00
LEF 2020 05 21 21 00 00 45.9451 -90.2732 396 0 2020 05 21 22 00 00
LEF 2020 05 22 21 00 00 45.9451 -90.2732 396 0 2020 05 22 22 00 00
LEF 2020 05 23 21 00 00 45.9451 -90.2732 396 0 2020 05 23 22 00 00
LEF 2020 05 24 21 00 00 45.9451 -90.2732 396 0 2020 05 24 22 00 00
LEF 2020 05 25 21 00 00 45.9451 -90.2732 396 0 2020 05 25 22 00 00
LEF 2020 05 26 21 00 00 45.9451 -90.2732 396 0 2020 05 26 22 00 00
LEF 2020 05 27 21 00 00 45.9451 -90.2732 396 0 2020 05 27 22 00 00
LEF 2020 05 28 21 00 00 45.9451 -90.2732 396 0 2020 05 28 22 00 00
LEF 2020 05 29 21 00 00 45.9451 -90.2732 396 0 2020 05 29 22 00 00
LEF 2020 05 30 21 00 00 45.9451 -90.2732 396 0 2020 05 30 22 00 00
LEF 2020 05 31 21 00 00 45.9451 -90.2732 396 0 2020 05 31 22 00 00
LEF 2020 06 01 21 00 00 45.9451 -90.2732 396 0 2020 06 01 22 00 00
LEF 2020 06 02 21 00 00 45.9451 -90.2732 396 0 2020 06 02 22 00 00
LEF 2020 06 03 21 00 00 45.9451 -90.2732 396 0 2020 06 03 22 00 00
LEF 2020 06 04 21 00 00 45.9451 -90.2732 396 0 2020 06 04 22 00 00
LEF 2020 06 05 21 00 00 45.9451 -90.2732 396 0 2020 06 05 22 00 00
LEF 2020 06 06 21 00 00 45.9451 -90.2732 396 0 2020 06 06 22 00 00
LEF 2020 06 07 21 00 00 45.9451 -90.2732 396 0 2020 06 07 22 00 00
LEF 2020 06 08 21 00 00 45.9451 -90.2732 396 0 2020 06 08 22 00 00
LEF 2020 06 09 21 00 00 45.9451 -90.2732 396 0 2020 06 09 22 00 00
LEF 2020 06 10 21 00 00 45.9451 -90.2732 396 0 2020 06 10 22 00 00
LEF 2020 06 11 21 00 00 45.9451 -90.2732 396 0 2020 06 11 22 00 00
LEF 2020 06 12 21 00 00 45.9451 -90.2732 396 0 2020 06 12 22 00 00
LEF 2020 06 13 21 00 00 45.9451 -90.2732 396 0 2020 06 13 22 00 00
LEF 2020 06 14 21 00 00 45.9451 -90.2732 396 0 2020 06 14 22 00 00
LEF 2020 06 15 21 00 00 45.9451 -90.2732 396 0 2020 06 15 22 00 00
LEF 2020 06 16 21 00 00 45.9451 -90.2732 396 0 2020 06 16 22 00 00
LEF 2020 06 17 21 00 00 45.9451 -90.2732 396 0 2020 06 17 22 00 00
LEF 2020 06 18 21 00 00 45.9451 -90.2732 396 0 2020 06 18 22 00 00
LEF 2020 06 19 21 00 00 45.9451 -90.2732 396 0 2020 06 19 22 00 00
LEF 2020 06 20 21 00 00 45.9451 -90.2732 396 0 2020 06 20 22 00 00
LEF 2020 06 21 21 00 00 45.9451 -90.2732 396 0 2020 06 21 22 00 00
LEF 2020 06 22 21 00 00 45.9451 -90.2732 396 0 2020 06 22 22 00 00
LEF 2020 06 23 21 00 00 45.9451 -90.2732 396 0 2020 06 23 22 00 00
LEF 2020 06 24 21 00 00 45.9451 -90.2732 396 0 2020 06 24 22 00 00
LEF 2020 06 25 21 00 00 45.9451 -90.2732 396 0 2020 06 25 22 00 00
LEF 2020 06 26 21 00 00 45.9451 -90.2732 396 0 2020 06 26 22 00 00
LEF 2020 06 27 21 00 00 45.9451 -90.2732 396 0 2020 06 27 22 00 00
LEF 2020 06 28 21 00 00 45.9451 -90.2732 396 0 2020 06 28 22 00 00
LEF 2020 06 29 21 00 00 45.9451 -90.2732 396 0 2020 06 29 22 00 00
LEF 2020 06 30 21 00 00 45.9451 -90.2732 396 0 2020 06 30 22 00 00
LEF 2020 07 01 21 00 00 45.9451 -90.2732 396 0 2020 07 01 22 00 00
LEF 2020 07 02 21 00 00 45.9451 -90.2732 396 0 2020 07 02 22 00 00
LEF 2020 07 03 21 00 00 45.9451 -90.2732 396 0 2020 07 03 22 00 00
LEF 2020 07 04 21 00 00 45.9451 -90.2732 396 0 2020 07 04 22 00 00
LEF 2020 07 05 21 00 00 45.9451 -90.2732 396 0 2020 07 05 22 00 00
LEF 2020 07 06 21 00 00 45.9451 -90.2732 396 0 2020 07 06 22 00 00
LEF 2020 07 07 21 00 00 45.9451 -90.2732 396 0 2020 07 07 22 00 00
LEF 2020 07 08 21 00 00 45.9451 -90.2732 396 0 2020 07 08 22 00 00
LEF 2020 07 09 21 00 00 45.9451 -90.2732 396 0 2020 07 09 22 00 00
LEF 2020 07 10 21 00 00 45.9451 -90.2732 396 0 2020 07 10 22 00 00
LEF 2020 07 11 21 00 00 45.9451 -90.2732 396 0 2020 07 11 22 00 00
LEF 2020 07 12 21 00 00 45.9451 -90.2732 396 0 2020 07 12 22 00 00
LEF 2020 07 13 21 00 00 45.9451 -90.2732 396 0 2020 07 13 22 00 00
LEF 2020 07 14 21 00 00 45.9451 -90.2732 396 0 2020 07 14 22 00 00
LEF 2020 07 15 21 00 00 45.9451 -90.2732 396 0 2020 07 15 22 00 00
LEF 2020 07 16 21 00 00 45.9451 -90.2732 396 0 2020 07 16 22 00 00
LEF 2020 07 17 21 00 00 45.9451 -90.2732 396 0 2020 07 17 22 00 00
LEF 2020 07 18 21 00 00 45.9451 -90.2732 396 0 2020 07 18 22 00 00
LEF 2020 07 19 21 00 00 45.9451 -90.2732 396 0 2020 07 19 22 00 00
LEF 2020 07 20 21 00 00 45.9451 -90.2732 396 0 2020 07 20 22 00 00
LEF 2020 07 21 21 00 00 45.9451 -90.2732 396 0 2020 07 21 22 00 00
LEF 2020 07 22 21 00 00 45.9451 -90.2732 396 0 2020 07 22 22 00 00
LEF 2020 07 23 21 00 00 45.9451 -90.2732 396 0 2020 07 23 22 00 00
LEF 2020 07 24 21 00 00 45.9451 -90.2732 396 0 2020 07 24 22 00 00
LEF 2020 07 25 21 00 00 45.9451 -90.2732 396 0 2020 07 25 22 00 00
LEF 2020 07 26 21 00 00 45.9451 -90.2732 396 0 2020 07 26 22 00 00
LEF 2020 07 27 21 00 00 45.9451 -90.2732 396 0 2020 07 27 22 00 00
LEF 2020 07 28 21 00 00 45.9451 -90.2732 396 0 2020 07 28 22 00 00
LEF 2020 07 29 21 00 00 45.9451 -90.2732 396 0 2020 07 29 22 00 00
LEF 2020 07 30 21 00 00 45.9451 -90.2732 396 0 2020 07 30 22 00 00
LEF 2020 07 31 21 00 00 45.9451 -90.2732 396 0 2020 07 31 22 00 00
LEF 2020 08 01 21 00 00 45.9451 -90.2732 396 0 2020 08 01 22 00 00
LEF 2020 08 02 21 00 00 45.9451 -90.2732 396 0 2020 08 02 22 00 00
LEF 2020 08 03 21 00 00 45.9451 -90.2732 396 0 2020 08 03 22 00 00
LEF 2020 08 04 21 00 00 45.9451 -90.2732 396 0 2020 08 04 22 00 00
LEF 2020 08 05 21 00 00 45.9451 -90.2732 396 0 2020 08 05 22 00 00
LEF 2020 08 06 21 00 00 45.9451 -90.2732 396 0 2020 08 06 22 00 00
LEF 2020 08 07 21 00 00 45.9451 -90.2732 396 0 2020 08 07 22 00 00
LEF 2020 08 08 21 00 00 45.9451 -90.2732 396 0 2020 08 08 22 00 00
LEF 2020 08 09 21 00 00 45.9451 -90.2732 396 0 2020 08 09 22 00 00
LEF 2020 08 10 21 00 00 45.9451 -90.2732 396 0 2020 08 10 22 00 00
LEF 2020 08 11 21 00 00 45.9451 -90.2732 396 0 2020 08 11 22 00 00
LEF 2020 08 12 21 00 00 45.9451 -90.2732 396 0 2020 08 12 22 00 00
LEF 2020 08 13 21 00 00 45.9451 -90.2732 396 0 2020 08 13 22 00 00
LEF 2020 08 14 21 00 00 45.9451 -90.2732 396 0 2020 08 14 22 00 00
LEF 2020 08 15 21 00 00 45.9451 -90.2732 396 0 2020 08 15 22 00 00
LEF 2020 08 16 21 00 00 45.9451 -90.2732 396 0 2020 08 16 22 00 00
LEF 2020 08 17 21 00 00 45.9451 -90.2732 396 0 2020 08 17 22 00 00
LEF 2020 08 18 21 00 00 45.9451 -90.2732 396 0 2020 08 18 22 00 00
LEF 2020 08 19 21 00 00 45.9451 -90.2732 396 0 2020 08 19 22 00 00
LEF 2020 08 20 21 00 00 45.9451 -90.2732 396 0 2020 08 20 22 00 00
LEF 2020 08 21 21 00 00 45.9451 -90.2732 396 0 2020 08 21 22 00 00
LEF 2020 08 22 21 00 00 45.9451 -90.2732 396 0 2020 08 22 22 00 00
LEF 2020 08 23 21 00 00 45.9451 -90.2732 396 0 2020 08 23 22 00 00
LEF 2020 08 24 21 00 00 45.9451 -90.2732 396 0 2020 08 24 22 00 00
LEF 2020 08 25 21 00 00 45.9451 -90.2732 396 0 2020 08 25 22 00 00
LEF 2020 08 26 21 00 00 45.9451 -90.2732 396 0 2020 08 26 22 00 00
LEF 2020 08 27 21 00 00 45.9451 -90.2732 396 0 2020 08 27 22 00 00
LEF 2020 08 28 21 00 00 45.9451 -90.2732 396 0 2020 08 28 22 00 00
LEF 2020 08 29 21 00 00 45.9451 -90.2732 396 0 2020 08 29 22 00 00
LEF 2020 08 30 21 00 00 45.9451 -90.2732 396 0 2020 08 30 22 00 00
LEF 2020 08 31 21 00 00 45.9451 -90.2732 396 0 2020 08 31 22 00 00
LEF 2020 09 01 21 00 00 45.9451 -90.2732 396 0 2020 09 01 22 00 00
LEF 2020 09 02 21 00 00 45.9451 -90.2732 396 0 2020 09 02 22 00 00
LEF 2020 09 03 21 00 00 45.9451 -90.2732 396 0 2020 09 03 22 00 00
LEF 2020 09 04 21 00 00 45.9451 -90.2732 396 0 2020 09 04 22 00 00
LEF 2020 09 05 21 00 00 45.9451 -90.2732 396 0 2020 09 05 22 00 00
LEF 2020 09 06 21 00 00 45.9451 -90.2732 396 0 2020 09 06 22 00 00
LEF 2020 09 07 21 00 00 45.9451 -90.2732 396 0 2020 09 07 22 00 00
LEF 2020 09 08 21 00 00 45.9451 -90.2732 396 0 2020 09 08 22 00 00
LEF 2020 09 09 21 00 00 45.9451 -90.2732 396 0 2020 09 09 22 00 00
LEF 2020 09 10 21 00 00 45.9451 -90.2732 396 0 2020 09 10 22 00 00
LEF 2020 09 11 21 00 00 45.9451 -90.2732 396 0 2020 09 11 22 00 00
LEF 2020 09 12 21 00 00 45.9451 -90.2732 396 0 2020 09 12 22 00 00
LEF 2020 09 13 21 00 00 45.9451 -90.2732 396 0 2020 09 13 22 00 00
LEF 2020 09 14 21 00 00 45.9451 -90.2732 396 0 2020 09 14 22 00 00
LEF 2020 09 15 21 00 00 45.9451 -90.2732 396 0 2020 09 15 22 00 00
LEF 2020 09 16 21 00 00 45.9451 -90.2732 396 0 2020 09 16 22 00 00
LEF 2020 09 17 21 00 00 45.9451 -90.2732 396 0 2020 09 17 22 00 00
LEF 2020 09 18 21 00 00 45.9451 -90.2732 396 0 2020 09 18 22 00 00
LEF 2020 09 19 21 00 00 45.9451 -90.2732 396 0 2020 09 19 22 00 00
LEF 2020 09 20 21 00 00 45.9451 -90.2732 396 0 2020 09 20 22 00 00
LEF 2020 09 21 21 00 00 45.9451 -90.2732 396 0 2020 09 21 22 00 00
LEF 2020 09 22 21 00 00 45.9451 -90.2732 396 0 2020 09 22 22 00 00
LEF 2020 09 23 21 00 00 45.9451 -90.2732 396 0 2020 09 23 22 00 00
LEF 2020 09 24 21 00 00 45.9451 -90.2732 396 0 2020 09 24 22 00 00
LEF 2020 09 25 21 00 00 45.9451 -90.2732 396 0 2020 09 25 22 00 00
LEF 2020 09 26 21 00 00 45.9451 -90.2732 396 0 2020 09 26 22 00 00
LEF 2020 09 27 21 00 00 45.9451 -90.2732 396 0 2020 09 27 22 00 00
LEF 2020 09 28 21 00 00 45.9451 -90.2732 396 0 2020 09 28 22 00 00
LEF 2020 09 29 21 00 00 45.9451 -90.2732 396 0 2020 09 29 22 00 00
LEF 2020 09 30 21 00 00 45.9451 -90.2732 396 0 2020 09 30 22 00 00
LEF 2020 10 01 21 00 00 45.9451 -90.2732 396 0 2020 10 01 22 00 00
LEF 2020 10 02 21 00 00 45.9451 -90.2732 396 0 2020 10 02 22 00 00
LEF 2020 10 03 21 00 00 45.9451 -90.2732 396 0 2020 10 03 22 00 00
LEF 2020 10 04 21 00 00 45.9451 -90.2732 396 0 2020 10 04 22 00 00
LEF 2020 10 05 21 00 00 45.9451 -90.2732 396 0 2020 10 05 22 00 00
LEF 2020 10 07 21 00 00 45.9451 -90.2732 396 0 2020 10 07 22 00 00
LEF 2020 10 08 21 00 00 45.9451 -90.2732 396 0 2020 10 08 22 00 00
LEF 2020 10 09 21 00 00 45.9451 -90.2732 396 0 2020 10 09 22 00 00
LEF 2020 10 10 21 00 00 45.9451 -90.2732 396 0 2020 10 10 22 00 00
LEF 2020 10 11 21 00 00 45.9451 -90.2732 396 0 2020 10 11 22 00 00
LEF 2020 10 12 21 00 00 45.9451 -90.2732 396 0 2020 10 12 22 00 00
LEF 2020 10 13 21 00 00 45.9451 -90.2732 396 0 2020 10 13 22 00 00
LEF 2020 10 14 21 00 00 45.9451 -90.2732 396 0 2020 10 14 22 00 00
LEF 2020 10 15 21 00 00 45.9451 -90.2732 396 0 2020 10 15 22 00 00
LEF 2020 10 16 21 00 00 45.9451 -90.2732 396 0 2020 10 16 22 00 00
LEF 2020 10 17 21 00 00 45.9451 -90.2732 396 0 2020 10 17 22 00 00
LEF 2020 10 18 21 00 00 45.9451 -90.2732 396 0 2020 10 18 22 00 00
LEF 2020 10 19 21 00 00 45.9451 -90.2732 396 0 2020 10 19 22 00 00
LEF 2020 10 20 21 00 00 45.9451 -90.2732 396 0 2020 10 20 22 00 00
LEF 2020 10 21 21 00 00 45.9451 -90.2732 396 0 2020 10 21 22 00 00
LEF 2020 10 22 21 00 00 45.9451 -90.2732 396 0 2020 10 22 22 00 00
LEF 2020 10 23 21 00 00 45.9451 -90.2732 396 0 2020 10 23 22 00 00
LEF 2020 10 24 21 00 00 45.9451 -90.2732 396 0 2020 10 24 22 00 00
LEF 2020 10 25 21 00 00 45.9451 -90.2732 396 0 2020 10 25 22 00 00
LEF 2020 10 26 21 00 00 45.9451 -90.2732 396 0 2020 10 26 22 00 00
LEF 2020 10 27 21 00 00 45.9451 -90.2732 396 0 2020 10 27 22 00 00
LEF 2020 10 28 21 00 00 45.9451 -90.2732 396 0 2020 10 28 22 00 00
LEF 2020 10 29 21 00 00 45.9451 -90.2732 396 0 2020 10 29 22 00 00
LEF 2020 10 30 21 00 00 45.9451 -90.2732 396 0 2020 10 30 22 00 00
LEF 2020 10 31 21 00 00 45.9451 -90.2732 396 0 2020 10 31 22 00 00
LEF 2020 11 01 21 00 00 45.9451 -90.2732 396 0 2020 11 01 22 00 00
LEF 2020 11 02 21 00 00 45.9451 -90.2732 396 0 2020 11 02 22 00 00
LEF 2020 11 03 21 00 00 45.9451 -90.2732 396 0 2020 11 03 22 00 00
LEF 2020 11 04 21 00 00 45.9451 -90.2732 396 0 2020 11 04 22 00 00
LEF 2020 11 05 21 00 00 45.9451 -90.2732 396 0 2020 11 05 22 00 00
LEF 2020 11 06 21 00 00 45.9451 -90.2732 396 0 2020 11 06 22 00 00
LEF 2020 11 07 21 00 00 45.9451 -90.2732 396 0 2020 11 07 22 00 00
LEF 2020 11 08 21 00 00 45.9451 -90.2732 396 0 2020 11 08 22 00 00
LEF 2020 11 09 21 00 00 45.9451 -90.2732 396 0 2020 11 09 22 00 00
LEF 2020 11 10 21 00 00 45.9451 -90.2732 396 0 2020 11 10 22 00 00
LEF 2020 11 11 21 00 00 45.9451 -90.2732 396 0 2020 11 11 22 00 00
LEF 2020 11 12 21 00 00 45.9451 -90.2732 396 0 2020 11 12 22 00 00
LEF 2020 11 13 21 00 00 45.9451 -90.2732 396 0 2020 11 13 22 00 00
LEF 2020 11 14 21 00 00 45.9451 -90.2732 396 0 2020 11 14 22 00 00
LEF 2020 11 15 21 00 00 45.9451 -90.2732 396 0 2020 11 15 22 00 00
LEF 2020 11 16 21 00 00 45.9451 -90.2732 396 0 2020 11 16 22 00 00
LEF 2020 11 17 21 00 00 45.9451 -90.2732 396 0 2020 11 17 22 00 00
LEF 2020 11 18 21 00 00 45.9451 -90.2732 396 0 2020 11 18 22 00 00
LEF 2020 11 19 21 00 00 45.9451 -90.2732 396 0 2020 11 19 22 00 00
LEF 2020 11 20 21 00 00 45.9451 -90.2732 396 0 2020 11 20 22 00 00
LEF 2020 11 21 21 00 00 45.9451 -90.2732 396 0 2020 11 21 22 00 00
LEF 2020 11 22 21 00 00 45.9451 -90.2732 396 0 2020 11 22 22 00 00
LEF 2020 11 23 21 00 00 45.9451 -90.2732 396 0 2020 11 23 22 00 00
LEF 2020 11 24 21 00 00 45.9451 -90.2732 396 0 2020 11 24 22 00 00
LEF 2020 11 25 21 00 00 45.9451 -90.2732 396 0 2020 11 25 22 00 00
LEF 2020 11 26 21 00 00 45.9451 -90.2732 396 0 2020 11 26 22 00 00
LEF 2020 11 27 21 00 00 45.9451 -90.2732 396 0 2020 11 27 22 00 00
LEF 2020 11 28 21 00 00 45.9451 -90.2732 396 0 2020 11 28 22 00 00
LEF 2020 11 29 21 00 00 45.9451 -90.2732 396 0 2020 11 29 22 00 00
LEF 2020 11 30 21 00 00 45.9451 -90.2732 396 0 2020 11 30 22 00 00
LEF 2020 12 01 21 00 00 45.9451 -90.2732 396 0 2020 12 01 22 00 00
LEF 2020 12 02 21 00 00 45.9451 -90.2732 396 0 2020 12 02 22 00 00
LEF 2020 12 03 21 00 00 45.9451 -90.2732 396 0 2020 12 03 22 00 00
LEF 2020 12 04 21 00 00 45.9451 -90.2732 396 0 2020 12 04 22 00 00
LEF 2020 12 05 21 00 00 45.9451 -90.2732 396 0 2020 12 05 22 00 00
LEF 2020 12 06 21 00 00 45.9451 -90.2732 396 0 2020 12 06 22 00 00
LEF 2020 12 07 21 00 00 45.9451 -90.2732 396 0 2020 12 07 22 00 00
LEF 2020 12 08 21 00 00 45.9451 -90.2732 396 0 2020 12 08 22 00 00
LEF 2020 12 09 21 00 00 45.9451 -90.2732 396 0 2020 12 09 22 00 00
LEF 2020 12 10 21 00 00 45.9451 -90.2732 396 0 2020 12 10 22 00 00
LEF 2020 12 11 21 00 00 45.9451 -90.2732 396 0 2020 12 11 22 00 00
LEF 2020 12 12 21 00 00 45.9451 -90.2732 396 0 2020 12 12 22 00 00
LEF 2020 12 13 21 00 00 45.9451 -90.2732 396 0 2020 12 13 22 00 00
LEF 2020 12 14 21 00 00 45.9451 -90.2732 396 0 2020 12 14 22 00 00
LEF 2020 12 15 21 00 00 45.9451 -90.2732 396 0 2020 12 15 22 00 00
LEF 2020 12 16 21 00 00 45.9451 -90.2732 396 0 2020 12 16 22 00 00
LEF 2020 12 17 21 00 00 45.9451 -90.2732 396 0 2020 12 17 22 00 00
LEF 2020 12 18 21 00 00 45.9451 -90.2732 396 0 2020 12 18 22 00 00
LEF 2020 12 19 21 00 00 45.9451 -90.2732 396 0 2020 12 19 22 00 00
LEF 2020 12 20 21 00 00 45.9451 -90.2732 396 0 2020 12 20 22 00 00
LEF 2020 12 21 21 00 00 45.9451 -90.2732 396 0 2020 12 21 22 00 00
LEF 2020 12 22 21 00 00 45.9451 -90.2732 396 0 2020 12 22 22 00 00
LEF 2020 12 23 21 00 00 45.9451 -90.2732 396 0 2020 12 23 22 00 00
LEF 2020 12 24 21 00 00 45.9451 -90.2732 396 0 2020 12 24 22 00 00
LEF 2020 12 25 21 00 00 45.9451 -90.2732 396 0 2020 12 25 22 00 00
LEF 2020 12 26 21 00 00 45.9451 -90.2732 396 0 2020 12 26 22 00 00
LEF 2020 12 27 21 00 00 45.9451 -90.2732 396 0 2020 12 27 22 00 00
LEF 2020 12 28 21 00 00 45.9451 -90.2732 396 0 2020 12 28 22 00 00
LEF 2020 12 29 21 00 00 45.9451 -90.2732 396 0 2020 12 29 22 00 00
LEF 2020 12 30 21 00 00 45.9451 -90.2732 396 0 2020 12 30 22 00 00
LEF 2020 12 31 21 00 00 45.9451 -90.2732 396 0 2020 12 31 22 00 00
SCT 2019 12 01 19 00 00 33.4057 -81.8334 305 0 2019 12 01 20 00 00
SCT 2019 12 02 19 00 00 33.4057 -81.8334 305 0 2019 12 02 20 00 00
SCT 2019 12 03 19 00 00 33.4057 -81.8334 305 0 2019 12 03 20 00 00
SCT 2019 12 04 19 00 00 33.4057 -81.8334 305 0 2019 12 04 20 00 00
SCT 2019 12 05 19 00 00 33.4057 -81.8334 305 0 2019 12 05 20 00 00
SCT 2019 12 06 19 00 00 33.4057 -81.8334 305 0 2019 12 06 20 00 00
SCT 2019 12 07 19 00 00 33.4057 -81.8334 305 0 2019 12 07 20 00 00
SCT 2019 12 08 19 00 00 33.4057 -81.8334 305 0 2019 12 08 20 00 00
SCT 2019 12 09 19 00 00 33.4057 -81.8334 305 0 2019 12 09 20 00 00
SCT 2019 12 10 19 00 00 33.4057 -81.8334 305 0 2019 12 10 20 00 00
SCT 2019 12 11 19 00 00 33.4057 -81.8334 305 0 2019 12 11 20 00 00
SCT 2019 12 12 19 00 00 33.4057 -81.8334 305 0 2019 12 12 20 00 00
SCT 2019 12 13 19 00 00 33.4057 -81.8334 305 0 2019 12 13 20 00 00
SCT 2019 12 14 19 00 00 33.4057 -81.8334 305 0 2019 12 14 20 00 00
SCT 2019 12 15 19 00 00 33.4057 -81.8334 305 0 2019 12 15 20 00 00
SCT 2019 12 16 19 00 00 33.4057 -81.8334 305 0 2019 12 16 20 00 00
SCT 2019 12 17 19 00 00 33.4057 -81.8334 305 0 2019 12 17 20 00 00
SCT 2019 12 18 19 00 00 33.4057 -81.8334 305 0 2019 12 18 20 00 00
SCT 2019 12 19 19 00 00 33.4057 -81.8334 305 0 2019 12 19 20 00 00
SCT 2019 12 20 19 00 00 33.4057 -81.8334 305 0 2019 12 20 20 00 00
SCT 2019 12 21 19 00 00 33.4057 -81.8334 305 0 2019 12 21 20 00 00
SCT 2019 12 22 19 00 00 33.4057 -81.8334 305 0 2019 12 22 20 00 00
SCT 2019 12 23 19 00 00 33.4057 -81.8334 305 0 2019 12 23 20 00 00
SCT 2019 12 24 19 00 00 33.4057 -81.8334 305 0 2019 12 24 20 00 00
SCT 2019 12 25 19 00 00 33.4057 -81.8334 305 0 2019 12 25 20 00 00
SCT 2019 12 26 19 00 00 33.4057 -81.8334 305 0 2019 12 26 20 00 00
SCT 2019 12 27 19 00 00 33.4057 -81.8334 305 0 2019 12 27 20 00 00
SCT 2019 12 28 19 00 00 33.4057 -81.8334 305 0 2019 12 28 20 00 00
SCT 2019 12 29 19 00 00 33.4057 -81.8334 305 0 2019 12 29 20 00 00
SCT 2019 12 30 19 00 00 33.4057 -81.8334 305 0 2019 12 30 20 00 00
SCT 2019 12 31 19 00 00 33.4057 -81.8334 305 0 2019 12 31 20 00 00
SCT 2020 01 01 19 00 00 33.4057 -81.8334 305 0 2020 01 01 20 00 00
SCT 2020 01 02 19 00 00 33.4057 -81.8334 305 0 2020 01 02 20 00 00
SCT 2020 01 03 19 00 00 33.4057 -81.8334 305 0 2020 01 03 20 00 00
SCT 2020 01 04 19 00 00 33.4057 -81.8334 305 0 2020 01 04 20 00 00
SCT 2020 01 05 19 00 00 33.4057 -81.8334 305 0 2020 01 05 20 00 00
SCT 2020 01 06 19 00 00 33.4057 -81.8334 305 0 2020 01 06 20 00 00
SCT 2020 01 07 19 00 00 33.4057 -81.8334 305 0 2020 01 07 20 00 00
SCT 2020 01 08 19 00 00 33.4057 -81.8334 305 0 2020 01 08 20 00 00
SCT 2020 01 09 19 00 00 33.4057 -81.8334 305 0 2020 01 09 20 00 00
SCT 2020 01 10 19 00 00 33.4057 -81.8334 305 0 2020 01 10 20 00 00
SCT 2020 01 11 19 00 00 33.4057 -81.8334 305 0 2020 01 11 20 00 00
SCT 2020 01 12 19 00 00 33.4057 -81.8334 305 0 2020 01 12 20 00 00
SCT 2020 01 13 19 00 00 33.4057 -81.8334 305 0 2020 01 13 20 00 00
SCT 2020 01 14 19 00 00 33.4057 -81.8334 305 0 2020 01 14 20 00 00
SCT 2020 01 15 19 00 00 33.4057 -81.8334 305 0 2020 01 15 20 00 00
SCT 2020 01 16 19 00 00 33.4057 -81.8334 305 0 2020 01 16 20 00 00
SCT 2020 01 17 19 00 00 33.4057 -81.8334 305 0 2020 01 17 20 00 00
SCT 2020 01 18 19 00 00 33.4057 -81.8334 305 0 2020 01 18 20 00 00
SCT 2020 01 19 19 00 00 33.4057 -81.8334 305 0 2020 01 19 20 00 00
SCT 2020 01 20 19 00 00 33.4057 -81.8334 305 0 2020 01 20 20 00 00
SCT 2020 01 21 19 00 00 33.4057 -81.8334 305 0 2020 01 21 20 00 00
SCT 2020 01 22 19 00 00 33.4057 -81.8334 305 0 2020 01 22 20 00 00
SCT 2020 01 23 19 00 00 33.4057 -81.8334 305 0 2020 01 23 20 00 00
SCT 2020 01 24 19 00 00 33.4057 -81.8334 305 0 2020 01 24 20 00 00
SCT 2020 01 25 19 00 00 33.4057 -81.8334 305 0 2020 01 25 20 00 00
SCT 2020 01 26 19 00 00 33.4057 -81.8334 305 0 2020 01 26 20 00 00
SCT 2020 01 27 19 00 00 33.4057 -81.8334 305 0 2020 01 27 20 00 00
SCT 2020 01 28 19 00 00 33.4057 -81.8334 305 0 2020 01 28 20 00 00
SCT 2020 01 29 19 00 00 33.4057 -81.8334 305 0 2020 01 29 20 00 00
SCT 2020 01 30 19 00 00 33.4057 -81.8334 305 0 2020 01 30 20 00 00
SCT 2020 01 31 19 00 00 33.4057 -81.8334 305 0 2020 01 31 20 00 00
SCT 2020 02 01 19 00 00 33.4057 -81.8334 305 0 2020 02 01 20 00 00
SCT 2020 02 02 19 00 00 33.4057 -81.8334 305 0 2020 02 02 20 00 00
SCT 2020 02 03 19 00 00 33.4057 -81.8334 305 0 2020 02 03 20 00 00
SCT 2020 02 04 19 00 00 33.4057 -81.8334 305 0 2020 02 04 20 00 00
SCT 2020 02 05 19 00 00 33.4057 -81.8334 305 0 2020 02 05 20 00 00
SCT 2020 02 06 19 00 00 33.4057 -81.8334 305 0 2020 02 06 20 00 00
SCT 2020 02 07 19 00 00 33.4057 -81.8334 305 0 2020 02 07 20 00 00
SCT 2020 02 08 19 00 00 33.4057 -81.8334 305 0 2020 02 08 20 00 00
SCT 2020 02 09 19 00 00 33.4057 -81.8334 305 0 2020 02 09 20 00 00
SCT 2020 02 10 19 00 00 33.4057 -81.8334 305 0 2020 02 10 20 00 00
SCT 2020 02 11 19 00 00 33.4057 -81.8334 305 0 2020 02 11 20 00 00
SCT 2020 02 12 19 00 00 33.4057 -81.8334 305 0 2020 02 12 20 00 00
SCT 2020 02 13 19 00 00 33.4057 -81.8334 305 0 2020 02 13 20 00 00
SCT 2020 02 14 19 00 00 33.4057 -81.8334 305 0 2020 02 14 20 00 00
SCT 2020 02 15 19 00 00 33.4057 -81.8334 305 0 2020 02 15 20 00 00
SCT 2020 02 16 19 00 00 33.4057 -81.8334 305 0 2020 02 16 20 00 00
SCT 2020 02 17 19 00 00 33.4057 -81.8334 305 0 2020 02 17 20 00 00
SCT 2020 02 18 19 00 00 33.4057 -81.8334 305 0 2020 02 18 20 00 00
SCT 2020 02 19 19 00 00 33.4057 -81.8334 305 0 2020 02 19 20 00 00
SCT 2020 02 20 19 00 00 33.4057 -81.8334 305 0 2020 02 20 20 00 00
SCT 2020 02 21 19 00 00 33.4057 -81.8334 305 0 2020 02 21 20 00 00
SCT 2020 02 22 19 00 00 33.4057 -81.8334 305 0 2020 02 22 20 00 00
SCT 2020 02 23 19 00 00 33.4057 -81.8334 305 0 2020 02 23 20 00 00
SCT 2020 02 24 19 00 00 33.4057 -81.8334 305 0 2020 02 24 20 00 00
SCT 2020 02 25 19 00 00 33.4057 -81.8334 305 0 2020 02 25 20 00 00
SCT 2020 02 26 19 00 00 33.4057 -81.8334 305 0 2020 02 26 20 00 00
SCT 2020 02 27 19 00 00 33.4057 -81.8334 305 0 2020 02 27 20 00 00
SCT 2020 02 28 19 00 00 33.4057 -81.8334 305 0 2020 02 28 20 00 00
SCT 2020 02 29 19 00 00 33.4057 -81.8334 305 0 2020 02 29 20 00 00
SCT 2020 03 01 19 00 00 33.4057 -81.8334 305 0 2020 03 01 20 00 00
SCT 2020 03 02 19 00 00 33.4057 -81.8334 305 0 2020 03 02 20 00 00
SCT 2020 03 03 19 00 00 33.4057 -81.8334 305 0 2020 03 03 20 00 00
SCT 2020 03 04 19 00 00 33.4057 -81.8334 305 0 2020 03 04 20 00 00
SCT 2020 03 05 19 00 00 33.4057 -81.8334 305 0 2020 03 05 20 00 00
SCT 2020 03 06 19 00 00 33.4057 -81.8334 305 0 2020 03 06 20 00 00
SCT 2020 03 07 19 00 00 33.4057 -81.8334 305 0 2020 03 07 20 00 00
SCT 2020 03 08 19 00 00 33.4057 -81.8334 305 0 2020 03 08 20 00 00
SCT 2020 03 09 19 00 00 33.4057 -81.8334 305 0 2020 03 09 20 00 00
SCT 2020 03 10 19 00 00 33.4057 -81.8334 305 0 2020 03 10 20 00 00
SCT 2020 03 11 19 00 00 33.4057 -81.8334 305 0 2020 03 11 20 00 00
SCT 2020 03 12 19 00 00 33.4057 -81.8334 305 0 2020 03 12 20 00 00
SCT 2020 03 13 19 00 00 33.4057 -81.8334 305 0 2020 03 13 20 00 00
SCT 2020 03 14 19 00 00 33.4057 -81.8334 305 0 2020 03 14 20 00 00
SCT 2020 03 15 19 00 00 33.4057 -81.8334 305 0 2020 03 15 20 00 00
SCT 2020 03 16 19 00 00 33.4057 -81.8334 305 0 2020 03 16 20 00 00
SCT 2020 03 17 19 00 00 33.4057 -81.8334 305 0 2020 03 17 20 00 00
SCT 2020 03 18 19 00 00 33.4057 -81.8334 305 0 2020 03 18 20 00 00
SCT 2020 03 19 19 00 00 33.4057 -81.8334 305 0 2020 03 19 20 00 00
SCT 2020 03 20 19 00 00 33.4057 -81.8334 305 0 2020 03 20 20 00 00
SCT 2020 03 21 19 00 00 33.4057 -81.8334 305 0 2020 03 21 20 00 00
SCT 2020 03 22 19 00 00 33.4057 -81.8334 305 0 2020 03 22 20 00 00
SCT 2020 03 23 19 00 00 33.4057 -81.8334 305 0 2020 03 23 20 00 00
SCT 2020 03 24 19 00 00 33.4057 -81.8334 305 0 2020 03 24 20 00 00
SCT 2020 03 25 19 00 00 33.4057 -81.8334 305 0 2020 03 25 20 00 00
SCT 2020 03 26 19 00 00 33.4057 -81.8334 305 0 2020 03 26 20 00 00
SCT 2020 03 27 19 00 00 33.4057 -81.8334 305 0 2020 03 27 20 00 00
SCT 2020 03 28 19 00 00 33.4057 -81.8334 305 0 2020 03 28 20 00 00
SCT 2020 03 29 19 00 00 33.4057 -81.8334 305 0 2020 03 29 20 00 00
SCT 2020 03 30 19 00 00 33.4057 -81.8334 305 0 2020 03 30 20 00 00
SCT 2020 03 31 19 00 00 33.4057 -81.8334 305 0 2020 03 31 20 00 00
SCT 2020 04 01 19 00 00 33.4057 -81.8334 305 0 2020 04 01 20 00 00
SCT 2020 04 02 19 00 00 33.4057 -81.8334 305 0 2020 04 02 20 00 00
SCT 2020 04 03 19 00 00 33.4057 -81.8334 305 0 2020 04 03 20 00 00
SCT 2020 04 04 19 00 00 33.4057 -81.8334 305 0 2020 04 04 20 00 00
SCT 2020 04 05 19 00 00 33.4057 -81.8334 305 0 2020 04 05 20 00 00
SCT 2020 04 06 19 00 00 33.4057 -81.8334 305 0 2020 04 06 20 00 00
SCT 2020 04 07 19 00 00 33.4057 -81.8334 305 0 2020 04 07 20 00 00
SCT 2020 04 08 19 00 00 33.4057 -81.8334 305 0 2020 04 08 20 00 00
SCT 2020 04 09 19 00 00 33.4057 -81.8334 305 0 2020 04 09 20 00 00
SCT 2020 04 10 19 00 00 33.4057 -81.8334 305 0 2020 04 10 20 00 00
SCT 2020 04 11 19 00 00 33.4057 -81.8334 305 0 2020 04 11 20 00 00
SCT 2020 04 12 19 00 00 33.4057 -81.8334 305 0 2020 04 12 20 00 00
SCT 2020 04 13 19 00 00 33.4057 -81.8334 305 0 2020 04 13 20 00 00
SCT 2020 04 14 19 00 00 33.4057 -81.8334 305 0 2020 04 14 20 00 00
SCT 2020 04 15 19 00 00 33.4057 -81.8334 305 0 2020 04 15 20 00 00
SCT 2020 04 16 19 00 00 33.4057 -81.8334 305 0 2020 04 16 20 00 00
SCT 2020 04 17 19 00 00 33.4057 -81.8334 305 0 2020 04 17 20 00 00
SCT 2020 04 18 19 00 00 33.4057 -81.8334 305 0 2020 04 18 20 00 00
SCT 2020 04 19 19 00 00 33.4057 -81.8334 305 0 2020 04 19 20 00 00
SCT 2020 04 20 19 00 00 33.4057 -81.8334 305 0 2020 04 20 20 00 00
SCT 2020 04 21 19 00 00 33.4057 -81.8334 305 0 2020 04 21 20 00 00
SCT 2020 04 22 19 00 00 33.4057 -81.8334 305 0 2020 04 22 20 00 00
SCT 2020 04 23 19 00 00 33.4057 -81.8334 305 0 2020 04 23 20 00 00
SCT 2020 04 24 19 00 00 33.4057 -81.8334 305 0 2020 04 24 20 00 00
SCT 2020 04 25 19 00 00 33.4057 -81.8334 305 0 2020 04 25 20 00 00
SCT 2020 04 26 19 00 00 33.4057 -81.8334 305 0 2020 04 26 20 00 00
SCT 2020 04 27 19 00 00 33.4057 -81.8334 305 0 2020 04 27 20 00 00
SCT 2020 04 28 19 00 00 33.4057 -81.8334 305 0 2020 04 28 20 00 00
SCT 2020 04 29 19 00 00 33.4057 -81.8334 305 0 2020 04 29 20 00 00
SCT 2020 04 30 19 00 00 33.4057 -81.8334 305 0 2020 04 30 20 00 00
SCT 2020 05 01 19 00 00 33.4057 -81.8334 305 0 2020 05 01 20 00 00
SCT 2020 05 02 19 00 00 33.4057 -81.8334 305 0 2020 05 02 20 00 00
SCT 2020 05 03 19 00 00 33.4057 -81.8334 305 0 2020 05 03 20 00 00
SCT 2020 05 04 19 00 00 33.4057 -81.8334 305 0 2020 05 04 20 00 00
SCT 2020 05 05 19 00 00 33.4057 -81.8334 305 0 2020 05 05 20 00 00
SCT 2020 05 06 19 00 00 33.4057 -81.8334 305 0 2020 05 06 20 00 00
SCT 2020 05 07 19 00 00 33.4057 -81.8334 305 0 2020 05 07 20 00 00
SCT 2020 05 08 19 00 00 33.4057 -81.8334 305 0 2020 05 08 20 00 00
SCT 2020 05 09 19 00 00 33.4057 -81.8334 305 0 2020 05 09 20 00 00
SCT 2020 05 10 19 00 00 33.4057 -81.8334 305 0 2020 05 10 20 00 00
SCT 2020 05 11 19 00 00 33.4057 -81.8334 305 0 2020 05 11 20 00 00
SCT 2020 05 12 19 00 00 33.4057 -81.8334 305 0 2020 05 12 20 00 00
SCT 2020 05 13 19 00 00 33.4057 -81.8334 305 0 2020 05 13 20 00 00
SCT 2020 05 14 19 00 00 33.4057 -81.8334 305 0 2020 05 14 20 00 00
SCT 2020 05 15 19 00 00 33.4057 -81.8334 305 0 2020 05 15 20 00 00
SCT 2020 05 16 19 00 00 33.4057 -81.8334 305 0 2020 05 16 20 00 00
SCT 2020 05 17 19 00 00 33.4057 -81.8334 305 0 2020 05 17 20 00 00
SCT 2020 05 18 19 00 00 33.4057 -81.8334 305 0 2020 05 18 20 00 00
SCT 2020 05 19 19 00 00 33.4057 -81.8334 305 0 2020 05 19 20 00 00
SCT 2020 05 20 19 00 00 33.4057 -81.8334 305 0 2020 05 20 20 00 00
SCT 2020 05 21 19 00 00 33.4057 -81.8334 305 0 2020 05 21 20 00 00
SCT 2020 05 22 19 00 00 33.4057 -81.8334 305 0 2020 05 22 20 00 00
SCT 2020 05 23 19 00 00 33.4057 -81.8334 305 0 2020 05 23 20 00 00
SCT 2020 05 24 19 00 00 33.4057 -81.8334 305 0 2020 05 24 20 00 00
SCT 2020 05 25 19 00 00 33.4057 -81.8334 305 0 2020 05 25 20 00 00
SCT 2020 05 26 19 00 00 33.4057 -81.8334 305 0 2020 05 26 20 00 00
SCT 2020 05 27 19 00 00 33.4057 -81.8334 305 0 2020 05 27 20 00 00
SCT 2020 05 28 19 00 00 33.4057 -81.8334 305 0 2020 05 28 20 00 00
SCT 2020 05 29 19 00 00 33.4057 -81.8334 305 0 2020 05 29 20 00 00
SCT 2020 05 30 19 00 00 33.4057 -81.8334 305 0 2020 05 30 20 00 00
SCT 2020 05 31 19 00 00 33.4057 -81.8334 305 0 2020 05 31 20 00 00
SCT 2020 06 01 19 00 00 33.4057 -81.8334 305 0 2020 06 01 20 00 00
SCT 2020 06 02 19 00 00 33.4057 -81.8334 305 0 2020 06 02 20 00 00
SCT 2020 06 03 19 00 00 33.4057 -81.8334 305 0 2020 06 03 20 00 00
SCT 2020 06 04 19 00 00 33.4057 -81.8334 305 0 2020 06 04 20 00 00
SCT 2020 06 05 19 00 00 33.4057 -81.8334 305 0 2020 06 05 20 00 00
SCT 2020 06 06 19 00 00 33.4057 -81.8334 305 0 2020 06 06 20 00 00
SCT 2020 06 07 19 00 00 33.4057 -81.8334 305 0 2020 06 07 20 00 00
SCT 2020 06 08 19 00 00 33.4057 -81.8334 305 0 2020 06 08 20 00 00
SCT 2020 06 09 19 00 00 33.4057 -81.8334 305 0 2020 06 09 20 00 00
SCT 2020 06 10 19 00 00 33.4057 -81.8334 305 0 2020 06 10 20 00 00
SCT 2020 06 11 19 00 00 33.4057 -81.8334 305 0 2020 06 11 20 00 00
SCT 2020 06 12 19 00 00 33.4057 -81.8334 305 0 2020 06 12 20 00 00
SCT 2020 06 13 19 00 00 33.4057 -81.8334 305 0 2020 06 13 20 00 00
SCT 2020 06 14 19 00 00 33.4057 -81.8334 305 0 2020 06 14 20 00 00
SCT 2020 06 15 19 00 00 33.4057 -81.8334 305 0 2020 06 15 20 00 00
SCT 2020 06 16 19 00 00 33.4057 -81.8334 305 0 2020 06 16 20 00 00
SCT 2020 06 17 19 00 00 33.4057 -81.8334 305 0 2020 06 17 20 00 00
SCT 2020 06 18 19 00 00 33.4057 -81.8334 305 0 2020 06 18 20 00 00
SCT 2020 06 19 19 00 00 33.4057 -81.8334 305 0 2020 06 19 20 00 00
SCT 2020 06 20 19 00 00 33.4057 -81.8334 305 0 2020 06 20 20 00 00
SCT 2020 06 21 19 00 00 33.4057 -81.8334 305 0 2020 06 21 20 00 00
SCT 2020 06 22 19 00 00 33.4057 -81.8334 305 0 2020 06 22 20 00 00
SCT 2020 06 23 19 00 00 33.4057 -81.8334 305 0 2020 06 23 20 00 00
SCT 2020 06 24 19 00 00 33.4057 -81.8334 305 0 2020 06 24 20 00 00
SCT 2020 06 25 19 00 00 33.4057 -81.8334 305 0 2020 06 25 20 00 00
SCT 2020 06 26 19 00 00 33.4057 -81.8334 305 0 2020 06 26 20 00 00
SCT 2020 06 27 19 00 00 33.4057 -81.8334 305 0 2020 06 27 20 00 00
SCT 2020 06 28 19 00 00 33.4057 -81.8334 305 0 2020 06 28 20 00 00
SCT 2020 06 29 19 00 00 33.4057 -81.8334 305 0 2020 06 29 20 00 00
SCT 2020 06 30 19 00 00 33.4057 -81.8334 305 0 2020 06 30 20 00 00
SCT 2020 07 01 19 00 00 33.4057 -81.8334 305 0 2020 07 01 20 00 00
SCT 2020 07 02 19 00 00 33.4057 -81.8334 305 0 2020 07 02 20 00 00
SCT 2020 07 03 19 00 00 33.4057 -81.8334 305 0 2020 07 03 20 00 00
SCT 2020 07 04 19 00 00 33.4057 -81.8334 305 0 2020 07 04 20 00 00
SCT 2020 07 05 19 00 00 33.4057 -81.8334 305 0 2020 07 05 20 00 00
SCT 2020 07 06 19 00 00 33.4057 -81.8334 305 0 2020 07 06 20 00 00
SCT 2020 07 07 19 00 00 33.4057 -81.8334 305 0 2020 07 07 20 00 00
SCT 2020 07 08 19 00 00 33.4057 -81.8334 305 0 2020 07 08 20 00 00
SCT 2020 07 09 19 00 00 33.4057 -81.8334 305 0 2020 07 09 20 00 00
SCT 2020 07 10 19 00 00 33.4057 -81.8334 305 0 2020 07 10 20 00 00
SCT 2020 07 11 19 00 00 33.4057 -81.8334 305 0 2020 07 11 20 00 00
SCT 2020 07 12 19 00 00 33.4057 -81.8334 305 0 2020 07 12 20 00 00
SCT 2020 07 13 19 00 00 33.4057 -81.8334 305 0 2020 07 13 20 00 00
SCT 2020 07 14 19 00 00 33.4057 -81.8334 305 0 2020 07 14 20 00 00
SCT 2020 07 15 19 00 00 33.4057 -81.8334 305 0 2020 07 15 20 00 00
SCT 2020 07 16 19 00 00 33.4057 -81.8334 305 0 2020 07 16 20 00 00
SCT 2020 07 17 19 00 00 33.4057 -81.8334 305 0 2020 07 17 20 00 00
SCT 2020 07 18 19 00 00 33.4057 -81.8334 305 0 2020 07 18 20 00 00
SCT 2020 07 19 19 00 00 33.4057 -81.8334 305 0 2020 07 19 20 00 00
SCT 2020 07 20 19 00 00 33.4057 -81.8334 305 0 2020 07 20 20 00 00
SCT 2020 07 21 19 00 00 33.4057 -81.8334 305 0 2020 07 21 20 00 00
SCT 2020 07 22 19 00 00 33.4057 -81.8334 305 0 2020 07 22 20 00 00
SCT 2020 07 23 19 00 00 33.4057 -81.8334 305 0 2020 07 23 20 00 00
SCT 2020 07 24 19 00 00 33.4057 -81.8334 305 0 2020 07 24 20 00 00
SCT 2020 07 25 19 00 00 33.4057 -81.8334 305 0 2020 07 25 20 00 00
SCT 2020 07 26 19 00 00 33.4057 -81.8334 305 0 2020 07 26 20 00 00
SCT 2020 07 27 19 00 00 33.4057 -81.8334 305 0 2020 07 27 20 00 00
SCT 2020 07 28 19 00 00 33.4057 -81.8334 305 0 2020 07 28 20 00 00
SCT 2020 07 29 19 00 00 33.4057 -81.8334 305 0 2020 07 29 20 00 00
SCT 2020 07 30 19 00 00 33.4057 -81.8334 305 0 2020 07 30 20 00 00
SCT 2020 07 31 19 00 00 33.4057 -81.8334 305 0 2020 07 31 20 00 00
SCT 2020 08 01 19 00 00 33.4057 -81.8334 305 0 2020 08 01 20 00 00
SCT 2020 08 02 19 00 00 33.4057 -81.8334 305 0 2020 08 02 20 00 00
SCT 2020 08 03 19 00 00 33.4057 -81.8334 305 0 2020 08 03 20 00 00
SCT 2020 08 04 19 00 00 33.4057 -81.8334 305 0 2020 08 04 20 00 00
SCT 2020 08 05 19 00 00 33.4057 -81.8334 305 0 2020 08 05 20 00 00
SCT 2020 08 06 19 00 00 33.4057 -81.8334 305 0 2020 08 06 20 00 00
SCT 2020 08 07 19 00 00 33.4057 -81.8334 305 0 2020 08 07 20 00 00
SCT 2020 08 08 19 00 00 33.4057 -81.8334 305 0 2020 08 08 20 00 00
SCT 2020 08 09 19 00 00 33.4057 -81.8334 305 0 2020 08 09 20 00 00
SCT 2020 08 10 19 00 00 33.4057 -81.8334 305 0 2020 08 10 20 00 00
SCT 2020 08 11 19 00 00 33.4057 -81.8334 305 0 2020 08 11 20 00 00
SCT 2020 08 12 19 00 00 33.4057 -81.8334 305 0 2020 08 12 20 00 00
SCT 2020 08 13 19 00 00 33.4057 -81.8334 305 0 2020 08 13 20 00 00
SCT 2020 08 14 19 00 00 33.4057 -81.8334 305 0 2020 08 14 20 00 00
SCT 2020 08 15 19 00 00 33.4057 -81.8334 305 0 2020 08 15 20 00 00
SCT 2020 08 16 19 00 00 33.4057 -81.8334 305 0 2020 08 16 20 00 00
SCT 2020 08 17 19 00 00 33.4057 -81.8334 305 0 2020 08 17 20 00 00
SCT 2020 08 18 19 00 00 33.4057 -81.8334 305 0 2020 08 18 20 00 00
SCT 2020 08 19 19 00 00 33.4057 -81.8334 305 0 2020 08 19 20 00 00
SCT 2020 08 20 19 00 00 33.4057 -81.8334 305 0 2020 08 20 20 00 00
SCT 2020 08 21 19 00 00 33.4057 -81.8334 305 0 2020 08 21 20 00 00
SCT 2020 08 22 19 00 00 33.4057 -81.8334 305 0 2020 08 22 20 00 00
SCT 2020 08 23 19 00 00 33.4057 -81.8334 305 0 2020 08 23 20 00 00
SCT 2020 08 24 19 00 00 33.4057 -81.8334 305 0 2020 08 24 20 00 00
SCT 2020 08 25 19 00 00 33.4057 -81.8334 305 0 2020 08 25 20 00 00
SCT 2020 08 26 19 00 00 33.4057 -81.8334 305 0 2020 08 26 20 00 00
SCT 2020 08 27 19 00 00 33.4057 -81.8334 305 0 2020 08 27 20 00 00
SCT 2020 08 28 19 00 00 33.4057 -81.8334 305 0 2020 08 28 20 00 00
SCT 2020 08 29 19 00 00 33.4057 -81.8334 305 0 2020 08 29 20 00 00
SCT 2020 08 30 19 00 00 33.4057 -81.8334 305 0 2020 08 30 20 00 00
SCT 2020 08 31 19 00 00 33.4057 -81.8334 305 0 2020 08 31 20 00 00
SCT 2020 09 01 19 00 00 33.4057 -81.8334 305 0 2020 09 01 20 00 00
SCT 2020 09 02 19 00 00 33.4057 -81.8334 305 0 2020 09 02 20 00 00
SCT 2020 09 30 19 00 00 33.4057 -81.8334 305 0 2020 09 30 20 00 00
SCT 2020 10 01 19 00 00 33.4057 -81.8334 305 0 2020 10 01 20 00 00
SCT 2020 10 02 19 00 00 33.4057 -81.8334 305 0 2020 10 02 20 00 00
SCT 2020 10 03 19 00 00 33.4057 -81.8334 305 0 2020 10 03 20 00 00
SCT 2020 10 04 19 00 00 33.4057 -81.8334 305 0 2020 10 04 20 00 00
SCT 2020 10 05 19 00 00 33.4057 -81.8334 305 0 2020 10 05 20 00 00
SCT 2020 10 06 19 00 00 33.4057 -81.8334 305 0 2020 10 06 20 00 00
SCT 2020 10 07 19 00 00 33.4057 -81.8334 305 0 2020 10 07 20 00 00
SCT 2020 10 08 19 00 00 33.4057 -81.8334 305 0 2020 10 08 20 00 00
SCT 2020 10 09 19 00 00 33.4057 -81.8334 305 0 2020 10 09 20 00 00
SCT 2020 10 10 19 00 00 33.4057 -81.8334 305 0 2020 10 10 20 00 00
SCT 2020 10 11 19 00 00 33.4057 -81.8334 305 0 2020 10 11 20 00 00
SCT 2020 10 12 19 00 00 33.4057 -81.8334 305 0 2020 10 12 20 00 00
SCT 2020 10 13 19 00 00 33.4057 -81.8334 305 0 2020 10 13 20 00 00
SCT 2020 10 14 19 00 00 33.4057 -81.8334 305 0 2020 10 14 20 00 00
SCT 2020 10 15 19 00 00 33.4057 -81.8334 305 0 2020 10 15 20 00 00
SCT 2020 10 16 19 00 00 33.4057 -81.8334 305 0 2020 10 16 20 00 00
SCT 2020 10 17 19 00 00 33.4057 -81.8334 305 0 2020 10 17 20 00 00
SCT 2020 10 18 19 00 00 33.4057 -81.8334 305 0 2020 10 18 20 00 00
SCT 2020 10 19 19 00 00 33.4057 -81.8334 305 0 2020 10 19 20 00 00
SCT 2020 10 20 19 00 00 33.4057 -81.8334 305 0 2020 10 20 20 00 00
SCT 2020 10 21 19 00 00 33.4057 -81.8334 305 0 2020 10 21 20 00 00
SCT 2020 10 22 19 00 00 33.4057 -81.8334 305 0 2020 10 22 20 00 00
SCT 2020 10 23 19 00 00 33.4057 -81.8334 305 0 2020 10 23 20 00 00
SCT 2020 10 24 19 00 00 33.4057 -81.8334 305 0 2020 10 24 20 00 00
SCT 2020 10 25 19 00 00 33.4057 -81.8334 305 0 2020 10 25 20 00 00
SCT 2020 10 26 19 00 00 33.4057 -81.8334 305 0 2020 10 26 20 00 00
SCT 2020 10 27 19 00 00 33.4057 -81.8334 305 0 2020 10 27 20 00 00
SCT 2020 10 28 19 00 00 33.4057 -81.8334 305 0 2020 10 28 20 00 00
SCT 2020 10 29 19 00 00 33.4057 -81.8334 305 0 2020 10 29 20 00 00
SCT 2020 10 30 19 00 00 33.4057 -81.8334 305 0 2020 10 30 20 00 00
SCT 2020 10 31 19 00 00 33.4057 -81.8334 305 0 2020 10 31 20 00 00
SCT 2020 11 01 19 00 00 33.4057 -81.8334 305 0 2020 11 01 20 00 00
SCT 2020 11 02 19 00 00 33.4057 -81.8334 305 0 2020 11 02 20 00 00
SCT 2020 11 03 19 00 00 33.4057 -81.8334 305 0 2020 11 03 20 00 00
SCT 2020 11 04 19 00 00 33.4057 -81.8334 305 0 2020 11 04 20 00 00
SCT 2020 11 05 19 00 00 33.4057 -81.8334 305 0 2020 11 05 20 00 00
SCT 2020 11 06 19 00 00 33.4057 -81.8334 305 0 2020 11 06 20 00 00
SCT 2020 11 07 19 00 00 33.4057 -81.8334 305 0 2020 11 07 20 00 00
SCT 2020 11 08 19 00 00 33.4057 -81.8334 305 0 2020 11 08 20 00 00
SCT 2020 11 09 19 00 00 33.4057 -81.8334 305 0 2020 11 09 20 00 00
SCT 2020 11 10 19 00 00 33.4057 -81.8334 305 0 2020 11 10 20 00 00
SCT 2020 11 11 19 00 00 33.4057 -81.8334 305 0 2020 11 11 20 00 00
SCT 2020 11 12 19 00 00 33.4057 -81.8334 305 0 2020 11 12 20 00 00
SCT 2020 11 13 19 00 00 33.4057 -81.8334 305 0 2020 11 13 20 00 00
SCT 2020 11 14 19 00 00 33.4057 -81.8334 305 0 2020 11 14 20 00 00
SCT 2020 11 15 19 00 00 33.4057 -81.8334 305 0 2020 11 15 20 00 00
SCT 2020 11 16 19 00 00 33.4057 -81.8334 305 0 2020 11 16 20 00 00
SCT 2020 11 17 19 00 00 33.4057 -81.8334 305 0 2020 11 17 20 00 00
SCT 2020 11 18 19 00 00 33.4057 -81.8334 305 0 2020 11 18 20 00 00
SCT 2020 11 19 19 00 00 33.4057 -81.8334 305 0 2020 11 19 20 00 00
SCT 2020 11 20 19 00 00 33.4057 -81.8334 305 0 2020 11 20 20 00 00
SCT 2020 11 21 19 00 00 33.4057 -81.8334 305 0 2020 11 21 20 00 00
SCT 2020 11 22 19 00 00 33.4057 -81.8334 305 0 2020 11 22 20 00 00
SCT 2020 11 23 19 00 00 33.4057 -81.8334 305 0 2020 11 23 20 00 00
SCT 2020 11 24 19 00 00 33.4057 -81.8334 305 0 2020 11 24 20 00 00
SCT 2020 11 25 19 00 00 33.4057 -81.8334 305 0 2020 11 25 20 00 00
SCT 2020 11 26 19 00 00 33.4057 -81.8334 305 0 2020 11 26 20 00 00
SCT 2020 11 27 19 00 00 33.4057 -81.8334 305 0 2020 11 27 20 00 00
SCT 2020 11 28 19 00 00 33.4057 -81.8334 305 0 2020 11 28 20 00 00
SCT 2020 11 29 19 00 00 33.4057 -81.8334 305 0 2020 11 29 20 00 00
SCT 2020 11 30 19 00 00 33.4057 -81.8334 305 0 2020 11 30 20 00 00
SCT 2020 12 01 19 00 00 33.4057 -81.8334 305 0 2020 12 01 20 00 00
SCT 2020 12 02 19 00 00 33.4057 -81.8334 305 0 2020 12 02 20 00 00
SCT 2020 12 03 19 00 00 33.4057 -81.8334 305 0 2020 12 03 20 00 00
SCT 2020 12 04 19 00 00 33.4057 -81.8334 305 0 2020 12 04 20 00 00
SCT 2020 12 05 19 00 00 33.4057 -81.8334 305 0 2020 12 05 20 00 00
SCT 2020 12 06 19 00 00 33.4057 -81.8334 305 0 2020 12 06 20 00 00
SCT 2020 12 07 19 00 00 33.4057 -81.8334 305 0 2020 12 07 20 00 00
SCT 2020 12 08 19 00 00 33.4057 -81.8334 305 0 2020 12 08 20 00 00
SCT 2020 12 09 19 00 00 33.4057 -81.8334 305 0 2020 12 09 20 00 00
SCT 2020 12 10 19 00 00 33.4057 -81.8334 305 0 2020 12 10 20 00 00
SCT 2020 12 11 19 00 00 33.4057 -81.8334 305 0 2020 12 11 20 00 00
SCT 2020 12 12 19 00 00 33.4057 -81.8334 305 0 2020 12 12 20 00 00
SCT 2020 12 13 19 00 00 33.4057 -81.8334 305 0 2020 12 13 20 00 00
SCT 2020 12 14 19 00 00 33.4057 -81.8334 305 0 2020 12 14 20 00 00
SCT 2020 12 15 19 00 00 33.4057 -81.8334 305 0 2020 12 15 20 00 00
SCT 2020 12 16 19 00 00 33.4057 -81.8334 305 0 2020 12 16 20 00 00
SCT 2020 12 17 19 00 00 33.4057 -81.8334 305 0 2020 12 17 20 00 00
SCT 2020 12 18 19 00 00 33.4057 -81.8334 305 0 2020 12 18 20 00 00
SCT 2020 12 19 19 00 00 33.4057 -81.8334 305 0 2020 12 19 20 00 00
SCT 2020 12 20 19 00 00 33.4057 -81.8334 305 0 2020 12 20 20 00 00
SCT 2020 12 21 19 00 00 33.4057 -81.8334 305 0 2020 12 21 20 00 00
SCT 2020 12 22 19 00 00 33.4057 -81.8334 305 0 2020 12 22 20 00 00
SCT 2020 12 23 19 00 00 33.4057 -81.8334 305 0 2020 12 23 20 00 00
SCT 2020 12 24 19 00 00 33.4057 -81.8334 305 0 2020 12 24 20 00 00
SCT 2020 12 25 19 00 00 33.4057 -81.8334 305 0 2020 12 25 20 00 00
SCT 2020 12 26 19 00 00 33.4057 -81.8334 305 0 2020 12 26 20 00 00
SCT 2020 12 27 19 00 00 33.4057 -81.8334 305 0 2020 12 27 20 00 00
SCT 2020 12 28 19 00 00 33.4057 -81.8334 305 0 2020 12 28 20 00 00
SCT 2020 12 29 19 00 00 33.4057 -81.8334 305 0 2020 12 29 20 00 00
SCT 2020 12 30 19 00 00 33.4057 -81.8334 305 0 2020 12 30 20 00 00
SCT 2020 12 31 19 00 00 33.4057 -81.8334 305 0 2020 12 31 20 00 00
WGC 2019 12 01 23 00 00 38.2650 -121.4911 483 0 2019 12 02 00 00 00
WGC 2019 12 02 23 00 00 38.2650 -121.4911 483 0 2019 12 03 00 00 00
WGC 2019 12 03 23 00 00 38.2650 -121.4911 483 0 2019 12 04 00 00 00
WGC 2019 12 04 23 00 00 38.2650 -121.4911 483 0 2019 12 05 00 00 00
WGC 2019 12 05 23 00 00 38.2650 -121.4911 483 0 2019 12 06 00 00 00
WGC 2019 12 06 23 00 00 38.2650 -121.4911 483 0 2019 12 07 00 00 00
WGC 2019 12 07 23 00 00 38.2650 -121.4911 483 0 2019 12 08 00 00 00
WGC 2019 12 08 23 00 00 38.2650 -121.4911 483 0 2019 12 09 00 00 00
WGC 2019 12 09 23 00 00 38.2650 -121.4911 483 0 2019 12 10 00 00 00
WGC 2019 12 10 23 00 00 38.2650 -121.4911 483 0 2019 12 11 00 00 00
WGC 2019 12 11 23 00 00 38.2650 -121.4911 483 0 2019 12 12 00 00 00
WGC 2019 12 12 23 00 00 38.2650 -121.4911 483 0 2019 12 13 00 00 00
WGC 2019 12 13 23 00 00 38.2650 -121.4911 483 0 2019 12 14 00 00 00
WGC 2019 12 14 23 00 00 38.2650 -121.4911 483 0 2019 12 15 00 00 00
WGC 2019 12 15 23 00 00 38.2650 -121.4911 483 0 2019 12 16 00 00 00
WGC 2019 12 16 23 00 00 38.2650 -121.4911 483 0 2019 12 17 00 00 00
WGC 2019 12 17 23 00 00 38.2650 -121.4911 483 0 2019 12 18 00 00 00
WGC 2019 12 18 23 00 00 38.2650 -121.4911 483 0 2019 12 19 00 00 00
WGC 2019 12 19 23 00 00 38.2650 -121.4911 483 0 2019 12 20 00 00 00
WGC 2019 12 20 23 00 00 38.2650 -121.4911 483 0 2019 12 21 00 00 00
WGC 2019 12 21 23 00 00 38.2650 -121.4911 483 0 2019 12 22 00 00 00
WGC 2019 12 22 23 00 00 38.2650 -121.4911 483 0 2019 12 23 00 00 00
WGC 2019 12 23 23 00 00 38.2650 -121.4911 483 0 2019 12 24 00 00 00
WGC 2019 12 24 23 00 00 38.2650 -121.4911 483 0 2019 12 25 00 00 00
WGC 2019 12 25 23 00 00 38.2650 -121.4911 483 0 2019 12 26 00 00 00
WGC 2019 12 26 23 00 00 38.2650 -121.4911 483 0 2019 12 27 00 00 00
WGC 2019 12 27 23 00 00 38.2650 -121.4911 483 0 2019 12 28 00 00 00
WGC 2019 12 28 23 00 00 38.2650 -121.4911 483 0 2019 12 29 00 00 00
WGC 2019 12 29 23 00 00 38.2650 -121.4911 483 0 2019 12 30 00 00 00
WGC 2019 12 30 23 00 00 38.2650 -121.4911 483 0 2019 12 31 00 00 00
WGC 2019 12 31 23 00 00 38.2650 -121.4911 483 0 2020 01 01 00 00 00
WGC 2020 01 01 23 00 00 38.2650 -121.4911 483 0 2020 01 02 00 00 00
WGC 2020 01 02 23 00 00 38.2650 -121.4911 483 0 2020 01 03 00 00 00
WGC 2020 01 03 23 00 00 38.2650 -121.4911 483 0 2020 01 04 00 00 00
WGC 2020 01 04 23 00 00 38.2650 -121.4911 483 0 2020 01 05 00 00 00
WGC 2020 01 05 23 00 00 38.2650 -121.4911 483 0 2020 01 06 00 00 00
WGC 2020 01 06 23 00 00 38.2650 -121.4911 483 0 2020 01 07 00 00 00
WGC 2020 01 07 23 00 00 38.2650 -121.4911 483 0 2020 01 08 00 00 00
WGC 2020 01 08 23 00 00 38.2650 -121.4911 483 0 2020 01 09 00 00 00
WGC 2020 01 09 23 00 00 38.2650 -121.4911 483 0 2020 01 10 00 00 00
WGC 2020 01 10 23 00 00 38.2650 -121.4911 483 0 2020 01 11 00 00 00
WGC 2020 01 11 23 00 00 38.2650 -121.4911 483 0 2020 01 12 00 00 00
WGC 2020 01 12 23 00 00 38.2650 -121.4911 483 0 2020 01 13 00 00 00
WGC 2020 01 13 23 00 00 38.2650 -121.4911 483 0 2020 01 14 00 00 00
WGC 2020 01 14 23 00 00 38.2650 -121.4911 483 0 2020 01 15 00 00 00
WGC 2020 01 15 23 00 00 38.2650 -121.4911 483 0 2020 01 16 00 00 00
WGC 2020 01 16 23 00 00 38.2650 -121.4911 483 0 2020 01 17 00 00 00
WGC 2020 01 17 23 00 00 38.2650 -121.4911 483 0 2020 01 18 00 00 00
WGC 2020 01 18 23 00 00 38.2650 -121.4911 483 0 2020 01 19 00 00 00
WGC 2020 01 19 23 00 00 38.2650 -121.4911 483 0 2020 01 20 00 00 00
WGC 2020 01 20 23 00 00 38.2650 -121.4911 483 0 2020 01 21 00 00 00
WGC 2020 01 21 23 00 00 38.2650 -121.4911 483 0 2020 01 22 00 00 00
WGC 2020 01 22 23 00 00 38.2650 -121.4911 483 0 2020 01 23 00 00 00
WGC 2020 01 23 23 00 00 38.2650 -121.4911 483 0 2020 01 24 00 00 00
WGC 2020 01 24 23 00 00 38.2650 -121.4911 483 0 2020 01 25 00 00 00
WGC 2020 01 25 23 00 00 38.2650 -121.4911 483 0 2020 01 26 00 00 00
WGC 2020 01 26 23 00 00 38.2650 -121.4911 483 0 2020 01 27 00 00 00
WGC 2020 01 27 23 00 00 38.2650 -121.4911 483 0 2020 01 28 00 00 00
WGC 2020 01 28 23 00 00 38.2650 -121.4911 483 0 2020 01 29 00 00 00
WGC 2020 01 29 23 00 00 38.2650 -121.4911 483 0 2020 01 30 00 00 00
WGC 2020 01 30 23 00 00 38.2650 -121.4911 483 0 2020 01 31 00 00 00
WGC 2020 01 31 23 00 00 38.2650 -121.4911 483 0 2020 02 01 00 00 00
WGC 2020 02 01 23 00 00 38.2650 -121.4911 483 0 2020 02 02 00 00 00
WGC 2020 02 02 23 00 00 38.2650 -121.4911 483 0 2020 02 03 00 00 00
WGC 2020 02 03 23 00 00 38.2650 -121.4911 483 0 2020 02 04 00 00 00
WGC 2020 02 04 23 00 00 38.2650 -121.4911 483 0 2020 02 05 00 00 00
WGC 2020 02 05 23 00 00 38.2650 -121.4911 483 0 2020 02 06 00 00 00
WGC 2020 02 06 23 00 00 38.2650 -121.4911 483 0 2020 02 07 00 00 00
WGC 2020 02 07 23 00 00 38.2650 -121.4911 483 0 2020 02 08 00 00 00
WGC 2020 02 08 23 00 00 38.2650 -121.4911 483 0 2020 02 09 00 00 00
WGC 2020 02 09 23 00 00 38.2650 -121.4911 483 0 2020 02 10 00 00 00
WGC 2020 02 10 23 00 00 38.2650 -121.4911 483 0 2020 02 11 00 00 00
WGC 2020 02 11 23 00 00 38.2650 -121.4911 483 0 2020 02 12 00 00 00
WGC 2020 02 12 23 00 00 38.2650 -121.4911 483 0 2020 02 13 00 00 00
WGC 2020 02 13 23 00 00 38.2650 -121.4911 483 0 2020 02 14 00 00 00
WGC 2020 02 14 23 00 00 38.2650 -121.4911 483 0 2020 02 15 00 00 00
WGC 2020 02 15 23 00 00 38.2650 -121.4911 483 0 2020 02 16 00 00 00
WGC 2020 02 16 23 00 00 38.2650 -121.4911 483 0 2020 02 17 00 00 00
WGC 2020 02 17 23 00 00 38.2650 -121.4911 483 0 2020 02 18 00 00 00
WGC 2020 02 18 23 00 00 38.2650 -121.4911 483 0 2020 02 19 00 00 00
WGC 2020 02 19 23 00 00 38.2650 -121.4911 483 0 2020 02 20 00 00 00
WGC 2020 02 20 23 00 00 38.2650 -121.4911 483 0 2020 02 21 00 00 00
WGC 2020 02 21 23 00 00 38.2650 -121.4911 483 0 2020 02 22 00 00 00
WGC 2020 02 22 23 00 00 38.2650 -121.4911 483 0 2020 02 23 00 00 00
WGC 2020 02 23 23 00 00 38.2650 -121.4911 483 0 2020 02 24 00 00 00
WGC 2020 02 24 23 00 00 38.2650 -121.4911 483 0 2020 02 25 00 00 00
WGC 2020 02 25 23 00 00 38.2650 -121.4911 483 0 2020 02 26 00 00 00
WGC 2020 02 26 23 00 00 38.2650 -121.4911 483 0 2020 02 27 00 00 00
WGC 2020 02 27 23 00 00 38.2650 -121.4911 483 0 2020 02 28 00 00 00
WGC 2020 02 28 23 00 00 38.2650 -121.4911 483 0 2020 02 29 00 00 00
WGC 2020 02 29 23 00 00 38.2650 -121.4911 483 0 2020 03 01 00 00 00
WGC 2020 03 01 23 00 00 38.2650 -121.4911 483 0 2020 03 02 00 00 00
WGC 2020 03 02 23 00 00 38.2650 -121.4911 483 0 2020 03 03 00 00 00
WGC 2020 03 03 23 00 00 38.2650 -121.4911 483 0 2020 03 04 00 00 00
WGC 2020 03 04 23 00 00 38.2650 -121.4911 483 0 2020 03 05 00 00 00
WGC 2020 03 05 23 00 00 38.2650 -121.4911 483 0 2020 03 06 00 00 00
WGC 2020 03 06 23 00 00 38.2650 -121.4911 483 0 2020 03 07 00 00 00
WGC 2020 03 07 23 00 00 38.2650 -121.4911 483 0 2020 03 08 00 00 00
WGC 2020 03 08 23 00 00 38.2650 -121.4911 483 0 2020 03 09 00 00 00
WGC 2020 03 09 23 00 00 38.2650 -121.4911 483 0 2020 03 10 00 00 00
WGC 2020 03 10 23 00 00 38.2650 -121.4911 483 0 2020 03 11 00 00 00
WGC 2020 03 11 23 00 00 38.2650 -121.4911 483 0 2020 03 12 00 00 00
WGC 2020 03 12 23 00 00 38.2650 -121.4911 483 0 2020 03 13 00 00 00
WGC 2020 03 13 23 00 00 38.2650 -121.4911 483 0 2020 03 14 00 00 00
WGC 2020 03 14 23 00 00 38.2650 -121.4911 483 0 2020 03 15 00 00 00
WGC 2020 03 15 23 00 00 38.2650 -121.4911 483 0 2020 03 16 00 00 00
WGC 2020 03 16 23 00 00 38.2650 -121.4911 483 0 2020 03 17 00 00 00
WGC 2020 03 17 23 00 00 38.2650 -121.4911 483 0 2020 03 18 00 00 00
WGC 2020 03 18 23 00 00 38.2650 -121.4911 483 0 2020 03 19 00 00 00
WGC 2020 03 26 23 00 00 38.2650 -121.4911 483 0 2020 03 27 00 00 00
WGC 2020 03 27 23 00 00 38.2650 -121.4911 483 0 2020 03 28 00 00 00
WGC 2020 03 29 23 00 00 38.2650 -121.4911 483 0 2020 03 30 00 00 00
WGC 2020 03 30 23 00 00 38.2650 -121.4911 483 0 2020 03 31 00 00 00
WGC 2020 03 31 23 00 00 38.2650 -121.4911 483 0 2020 04 01 00 00 00
WGC 2020 04 01 23 00 00 38.2650 -121.4911 483 0 2020 04 02 00 00 00
WGC 2020 04 02 23 00 00 38.2650 -121.4911 483 0 2020 04 03 00 00 00
WGC 2020 04 03 23 00 00 38.2650 -121.4911 483 0 2020 04 04 00 00 00
WGC 2020 04 04 23 00 00 38.2650 -121.4911 483 0 2020 04 05 00 00 00
WGC 2020 04 05 23 00 00 38.2650 -121.4911 483 0 2020 04 06 00 00 00
WGC 2020 04 06 23 00 00 38.2650 -121.4911 483 0 2020 04 07 00 00 00
WGC 2020 04 07 23 00 00 38.2650 -121.4911 483 0 2020 04 08 00 00 00
WGC 2020 04 08 23 00 00 38.2650 -121.4911 483 0 2020 04 09 00 00 00
WGC 2020 04 09 23 00 00 38.2650 -121.4911 483 0 2020 04 10 00 00 00
WGC 2020 04 10 23 00 00 38.2650 -121.4911 483 0 2020 04 11 00 00 00
WGC 2020 04 11 23 00 00 38.2650 -121.4911 483 0 2020 04 12 00 00 00
WGC 2020 04 12 23 00 00 38.2650 -121.4911 483 0 2020 04 13 00 00 00
WGC 2020 04 13 23 00 00 38.2650 -121.4911 483 0 2020 04 14 00 00 00
WGC 2020 04 14 23 00 00 38.2650 -121.4911 483 0 2020 04 15 00 00 00
WGC 2020 04 15 23 00 00 38.2650 -121.4911 483 0 2020 04 16 00 00 00
WGC 2020 04 16 23 00 00 38.2650 -121.4911 483 0 2020 04 17 00 00 00
WGC 2020 04 17 23 00 00 38.2650 -121.4911 483 0 2020 04 18 00 00 00
WGC 2020 04 18 23 00 00 38.2650 -121.4911 483 0 2020 04 19 00 00 00
WGC 2020 04 19 23 00 00 38.2650 -121.4911 483 0 2020 04 20 00 00 00
WGC 2020 04 20 23 00 00 38.2650 -121.4911 483 0 2020 04 21 00 00 00
WGC 2020 04 21 23 00 00 38.2650 -121.4911 483 0 2020 04 22 00 00 00
WGC 2020 04 22 23 00 00 38.2650 -121.4911 483 0 2020 04 23 00 00 00
WGC 2020 04 23 23 00 00 38.2650 -121.4911 483 0 2020 04 24 00 00 00
WGC 2020 04 24 23 00 00 38.2650 -121.4911 483 0 2020 04 25 00 00 00
WGC 2020 04 25 23 00 00 38.2650 -121.4911 483 0 2020 04 26 00 00 00
WGC 2020 04 26 23 00 00 38.2650 -121.4911 483 0 2020 04 27 00 00 00
WGC 2020 04 27 23 00 00 38.2650 -121.4911 483 0 2020 04 28 00 00 00
WGC 2020 04 28 23 00 00 38.2650 -121.4911 483 0 2020 04 29 00 00 00
WGC 2020 04 29 23 00 00 38.2650 -121.4911 483 0 2020 04 30 00 00 00
WGC 2020 04 30 23 00 00 38.2650 -121.4911 483 0 2020 05 01 00 00 00
WGC 2020 05 01 23 00 00 38.2650 -121.4911 483 0 2020 05 02 00 00 00
WGC 2020 05 02 23 00 00 38.2650 -121.4911 483 0 2020 05 03 00 00 00
WGC 2020 05 03 23 00 00 38.2650 -121.4911 483 0 2020 05 04 00 00 00
WGC 2020 05 04 23 00 00 38.2650 -121.4911 483 0 2020 05 05 00 00 00
WGC 2020 05 05 23 00 00 38.2650 -121.4911 483 0 2020 05 06 00 00 00
WGC 2020 05 06 23 00 00 38.2650 -121.4911 483 0 2020 05 07 00 00 00
WGC 2020 05 07 23 00 00 38.2650 -121.4911 483 0 2020 05 08 00 00 00
WGC 2020 05 08 23 00 00 38.2650 -121.4911 483 0 2020 05 09 00 00 00
WGC 2020 05 09 23 00 00 38.2650 -121.4911 483 0 2020 05 10 00 00 00
WGC 2020 05 10 23 00 00 38.2650 -121.4911 483 0 2020 05 11 00 00 00
WGC 2020 05 11 23 00 00 38.2650 -121.4911 483 0 2020 05 12 00 00 00
WGC 2020 05 12 23 00 00 38.2650 -121.4911 483 0 2020 05 13 00 00 00
WGC 2020 05 13 23 00 00 38.2650 -121.4911 483 0 2020 05 14 00 00 00
WGC 2020 05 14 23 00 00 38.2650 -121.4911 483 0 2020 05 15 00 00 00
WGC 2020 05 15 23 00 00 38.2650 -121.4911 483 0 2020 05 16 00 00 00
WGC 2020 05 16 23 00 00 38.2650 -121.4911 483 0 2020 05 17 00 00 00
WGC 2020 05 17 23 00 00 38.2650 -121.4911 483 0 2020 05 18 00 00 00
WGC 2020 05 18 23 00 00 38.2650 -121.4911 483 0 2020 05 19 00 00 00
WGC 2020 05 19 23 00 00 38.2650 -121.4911 483 0 2020 05 20 00 00 00
WGC 2020 05 20 23 00 00 38.2650 -121.4911 483 0 2020 05 21 00 00 00
WGC 2020 05 21 23 00 00 38.2650 -121.4911 483 0 2020 05 22 00 00 00
WGC 2020 05 22 23 00 00 38.2650 -121.4911 483 0 2020 05 23 00 00 00
WGC 2020 05 23 23 00 00 38.2650 -121.4911 483 0 2020 05 24 00 00 00
WGC 2020 05 24 23 00 00 38.2650 -121.4911 483 0 2020 05 25 00 00 00
WGC 2020 05 25 23 00 00 38.2650 -121.4911 483 0 2020 05 26 00 00 00
WGC 2020 05 26 23 00 00 38.2650 -121.4911 483 0 2020 05 27 00 00 00
WGC 2020 05 27 23 00 00 38.2650 -121.4911 483 0 2020 05 28 00 00 00
WGC 2020 05 28 23 00 00 38.2650 -121.4911 483 0 2020 05 29 00 00 00
WGC 2020 05 29 23 00 00 38.2650 -121.4911 483 0 2020 05 30 00 00 00
WGC 2020 05 30 23 00 00 38.2650 -121.4911 483 0 2020 05 31 00 00 00
WGC 2020 05 31 23 00 00 38.2650 -121.4911 483 0 2020 06 01 00 00 00
WGC 2020 06 01 23 00 00 38.2650 -121.4911 483 0 2020 06 02 00 00 00
WGC 2020 06 02 23 00 00 38.2650 -121.4911 483 0 2020 06 03 00 00 00
WGC 2020 06 03 23 00 00 38.2650 -121.4911 483 0 2020 06 04 00 00 00
WGC 2020 06 04 23 00 00 38.2650 -121.4911 483 0 2020 06 05 00 00 00
WGC 2020 06 05 23 00 00 38.2650 -121.4911 483 0 2020 06 06 00 00 00
WGC 2020 06 06 23 00 00 38.2650 -121.4911 483 0 2020 06 07 00 00 00
WGC 2020 06 07 23 00 00 38.2650 -121.4911 483 0 2020 06 08 00 00 00
WGC 2020 06 08 23 00 00 38.2650 -121.4911 483 0 2020 06 09 00 00 00
WGC 2020 06 09 23 00 00 38.2650 -121.4911 483 0 2020 06 10 00 00 00
WGC 2020 06 11 23 00 00 38.2650 -121.4911 483 0 2020 06 12 00 00 00
WGC 2020 06 12 23 00 00 38.2650 -121.4911 483 0 2020 06 13 00 00 00
WGC 2020 06 13 23 00 00 38.2650 -121.4911 483 0 2020 06 14 00 00 00
WGC 2020 06 14 23 00 00 38.2650 -121.4911 483 0 2020 06 15 00 00 00
WGC 2020 06 15 23 00 00 38.2650 -121.4911 483 0 2020 06 16 00 00 00
WGC 2020 06 16 23 00 00 38.2650 -121.4911 483 0 2020 06 17 00 00 00
WGC 2020 06 17 23 00 00 38.2650 -121.4911 483 0 2020 06 18 00 00 00
WGC 2020 06 18 23 00 00 38.2650 -121.4911 483 0 2020 06 19 00 00 00
WGC 2020 06 19 23 00 00 38.2650 -121.4911 483 0 2020 06 20 00 00 00
WGC 2020 06 20 23 00 00 38.2650 -121.4911 483 0 2020 06 21 00 00 00
WGC 2020 06 21 23 00 00 38.2650 -121.4911 483 0 2020 06 22 00 00 00
WGC 2020 06 22 23 00 00 38.2650 -121.4911 483 0 2020 06 23 00 00 00
WGC 2020 06 23 23 00 00 38.2650 -121.4911 483 0 2020 06 24 00 00 00
WGC 2020 06 24 23 00 00 38.2650 -121.4911 483 0 2020 06 25 00 00 00
WGC 2020 06 25 23 00 00 38.2650 -121.4911 483 0 2020 06 26 00 00 00
WGC 2020 06 26 23 00 00 38.2650 -121.4911 483 0 2020 06 27 00 00 00
WGC 2020 06 27 23 00 00 38.2650 -121.4911 483 0 2020 06 28 00 00 00
WGC 2020 06 28 23 00 00 38.2650 -121.4911 483 0 2020 06 29 00 00 00
WGC 2020 06 29 23 00 00 38.2650 -121.4911 483 0 2020 06 30 00 00 00
WGC 2020 06 30 23 00 00 38.2650 -121.4911 483 0 2020 07 01 00 00 00
WGC 2020 07 06 23 00 00 38.2650 -121.4911 483 0 2020 07 07 00 00 00
WGC 2020 07 07 23 00 00 38.2650 -121.4911 483 0 2020 07 08 00 00 00
WGC 2020 07 08 23 00 00 38.2650 -121.4911 483 0 2020 07 09 00 00 00
WGC 2020 07 09 23 00 00 38.2650 -121.4911 483 0 2020 07 10 00 00 00
WGC 2020 07 10 23 00 00 38.2650 -121.4911 483 0 2020 07 11 00 00 00
WGC 2020 07 11 23 00 00 38.2650 -121.4911 483 0 2020 07 12 00 00 00
WGC 2020 07 12 23 00 00 38.2650 -121.4911 483 0 2020 07 13 00 00 00
WGC 2020 07 13 23 00 00 38.2650 -121.4911 483 0 2020 07 14 00 00 00
WGC 2020 07 14 23 00 00 38.2650 -121.4911 483 0 2020 07 15 00 00 00
WGC 2020 07 15 23 00 00 38.2650 -121.4911 483 0 2020 07 16 00 00 00
WGC 2020 07 16 23 00 00 38.2650 -121.4911 483 0 2020 07 17 00 00 00
WGC 2020 07 17 23 00 00 38.2650 -121.4911 483 0 2020 07 18 00 00 00
WGC 2020 07 18 23 00 00 38.2650 -121.4911 483 0 2020 07 19 00 00 00
WGC 2020 07 19 23 00 00 38.2650 -121.4911 483 0 2020 07 20 00 00 00
WGC 2020 07 20 23 00 00 38.2650 -121.4911 483 0 2020 07 21 00 00 00
WGC 2020 07 21 23 00 00 38.2650 -121.4911 483 0 2020 07 22 00 00 00
WGC 2020 07 22 23 00 00 38.2650 -121.4911 483 0 2020 07 23 00 00 00
WGC 2020 07 23 23 00 00 38.2650 -121.4911 483 0 2020 07 24 00 00 00
WGC 2020 07 24 23 00 00 38.2650 -121.4911 483 0 2020 07 25 00 00 00
WGC 2020 07 25 23 00 00 38.2650 -121.4911 483 0 2020 07 26 00 00 00
WGC 2020 07 26 23 00 00 38.2650 -121.4911 483 0 2020 07 27 00 00 00
WGC 2020 07 27 23 00 00 38.2650 -121.4911 483 0 2020 07 28 00 00 00
WGC 2020 07 28 23 00 00 38.2650 -121.4911 483 0 2020 07 29 00 00 00
WGC 2020 07 29 23 00 00 38.2650 -121.4911 483 0 2020 07 30 00 00 00
WGC 2020 07 30 23 00 00 38.2650 -121.4911 483 0 2020 07 31 00 00 00
WGC 2020 07 31 23 00 00 38.2650 -121.4911 483 0 2020 08 01 00 00 00
WGC 2020 08 01 23 00 00 38.2650 -121.4911 483 0 2020 08 02 00 00 00
WGC 2020 08 02 23 00 00 38.2650 -121.4911 483 0 2020 08 03 00 00 00
WGC 2020 08 03 23 00 00 38.2650 -121.4911 483 0 2020 08 04 00 00 00
WGC 2020 08 04 23 00 00 38.2650 -121.4911 483 0 2020 08 05 00 00 00
WGC 2020 08 05 23 00 00 38.2650 -121.4911 483 0 2020 08 06 00 00 00
WGC 2020 08 06 23 00 00 38.2650 -121.4911 483 0 2020 08 07 00 00 00
WGC 2020 08 07 23 00 00 38.2650 -121.4911 483 0 2020 08 08 00 00 00
WGC 2020 08 08 23 00 00 38.2650 -121.4911 483 0 2020 08 09 00 00 00
WGC 2020 08 09 23 00 00 38.2650 -121.4911 483 0 2020 08 10 00 00 00
WGC 2020 08 10 23 00 00 38.2650 -121.4911 483 0 2020 08 11 00 00 00
WGC 2020 08 11 23 00 00 38.2650 -121.4911 483 0 2020 08 12 00 00 00
WGC 2020 08 12 23 00 00 38.2650 -121.4911 483 0 2020 08 13 00 00 00
WGC 2020 08 13 23 00 00 38.2650 -121.4911 483 0 2020 08 14 00 00 00
WGC 2020 08 14 23 00 00 38.2650 -121.4911 483 0 2020 08 15 00 00 00
WGC 2020 08 15 23 00 00 38.2650 -121.4911 483 0 2020 08 16 00 00 00
WGC 2020 08 16 23 00 00 38.2650 -121.4911 483 0 2020 08 17 00 00 00
WGC 2020 08 17 23 00 00 38.2650 -121.4911 483 0 2020 08 18 00 00 00
WGC 2020 08 18 23 00 00 38.2650 -121.4911 483 0 2020 08 19 00 00 00
WGC 2020 08 19 23 00 00 38.2650 -121.4911 483 0 2020 08 20 00 00 00
WGC 2020 08 20 23 00 00 38.2650 -121.4911 483 0 2020 08 21 00 00 00
WGC 2020 08 21 23 00 00 38.2650 -121.4911 483 0 2020 08 22 00 00 00
WGC 2020 08 22 23 00 00 38.2650 -121.4911 483 0 2020 08 23 00 00 00
WGC 2020 08 23 23 00 00 38.2650 -121.4911 483 0 2020 08 24 00 00 00
WGC 2020 08 24 23 00 00 38.2650 -121.4911 483 0 2020 08 25 00 00 00
WGC 2020 08 25 23 00 00 38.2650 -121.4911 483 0 2020 08 26 00 00 00
WGC 2020 08 26 23 00 00 38.2650 -121.4911 483 0 2020 08 27 00 00 00
WGC 2020 08 27 23 00 00 38.2650 -121.4911 483 0 2020 08 28 00 00 00
WGC 2020 08 28 23 00 00 38.2650 -121.4911 483 0 2020 08 29 00 00 00
WGC 2020 08 29 23 00 00 38.2650 -121.4911 483 0 2020 08 30 00 00 00
WGC 2020 08 30 23 00 00 38.2650 -121.4911 483 0 2020 08 31 00 00 00
WGC 2020 08 31 23 00 00 38.2650 -121.4911 483 0 2020 09 01 00 00 00
WGC 2020 09 01 23 00 00 38.2650 -121.4911 483 0 2020 09 02 00 00 00
WGC 2020 09 02 23 00 00 38.2650 -121.4911 483 0 2020 09 03 00 00 00
WGC 2020 09 03 23 00 00 38.2650 -121.4911 483 0 2020 09 04 00 00 00
WGC 2020 09 04 23 00 00 38.2650 -121.4911 483 0 2020 09 05 00 00 00
WGC 2020 09 05 23 00 00 38.2650 -121.4911 483 0 2020 09 06 00 00 00
WGC 2020 09 06 23 00 00 38.2650 -121.4911 483 0 2020 09 07 00 00 00
WGC 2020 09 07 23 00 00 38.2650 -121.4911 483 0 2020 09 08 00 00 00
WGC 2020 09 08 23 00 00 38.2650 -121.4911 483 0 2020 09 09 00 00 00
WGC 2020 09 09 23 00 00 38.2650 -121.4911 483 0 2020 09 10 00 00 00
WGC 2020 09 10 23 00 00 38.2650 -121.4911 483 0 2020 09 11 00 00 00
WGC 2020 09 11 23 00 00 38.2650 -121.4911 483 0 2020 09 12 00 00 00
WGC 2020 09 12 23 00 00 38.2650 -121.4911 483 0 2020 09 13 00 00 00
WGC 2020 09 13 23 00 00 38.2650 -121.4911 483 0 2020 09 14 00 00 00
WGC 2020 09 14 23 00 00 38.2650 -121.4911 483 0 2020 09 15 00 00 00
WGC 2020 09 15 23 00 00 38.2650 -121.4911 483 0 2020 09 16 00 00 00
WGC 2020 09 16 23 00 00 38.2650 -121.4911 483 0 2020 09 17 00 00 00
WGC 2020 09 17 23 00 00 38.2650 -121.4911 483 0 2020 09 18 00 00 00
WGC 2020 09 18 23 00 00 38.2650 -121.4911 483 0 2020 09 19 00 00 00
WGC 2020 09 19 23 00 00 38.2650 -121.4911 483 0 2020 09 20 00 00 00
WGC 2020 09 20 23 00 00 38.2650 -121.4911 483 0 2020 09 21 00 00 00
WGC 2020 09 21 23 00 00 38.2650 -121.4911 483 0 2020 09 22 00 00 00
WGC 2020 09 22 23 00 00 38.2650 -121.4911 483 0 2020 09 23 00 00 00
WGC 2020 09 23 23 00 00 38.2650 -121.4911 483 0 2020 09 24 00 00 00
WGC 2020 09 24 23 00 00 38.2650 -121.4911 483 0 2020 09 25 00 00 00
WGC 2020 09 25 23 00 00 38.2650 -121.4911 483 0 2020 09 26 00 00 00
WGC 2020 09 26 23 00 00 38.2650 -121.4911 483 0 2020 09 27 00 00 00
WGC 2020 09 27 23 00 00 38.2650 -121.4911 483 0 2020 09 28 00 00 00
WGC 2020 09 28 23 00 00 38.2650 -121.4911 483 0 2020 09 29 00 00 00
WGC 2020 09 29 23 00 00 38.2650 -121.4911 483 0 2020 09 30 00 00 00
WGC 2020 09 30 23 00 00 38.2650 -121.4911 483 0 2020 10 01 00 00 00
WGC 2020 10 01 23 00 00 38.2650 -121.4911 483 0 2020 10 02 00 00 00
WGC 2020 10 02 23 00 00 38.2650 -121.4911 483 0 2020 10 03 00 00 00
WGC 2020 10 03 23 00 00 38.2650 -121.4911 483 0 2020 10 04 00 00 00
WGC 2020 10 04 23 00 00 38.2650 -121.4911 483 0 2020 10 05 00 00 00
WGC 2020 10 05 23 00 00 38.2650 -121.4911 483 0 2020 10 06 00 00 00
WGC 2020 10 06 23 00 00 38.2650 -121.4911 483 0 2020 10 07 00 00 00
WGC 2020 10 07 23 00 00 38.2650 -121.4911 483 0 2020 10 08 00 00 00
WGC 2020 10 08 23 00 00 38.2650 -121.4911 483 0 2020 10 09 00 00 00
WGC 2020 10 09 23 00 00 38.2650 -121.4911 483 0 2020 10 10 00 00 00
WGC 2020 10 10 23 00 00 38.2650 -121.4911 483 0 2020 10 11 00 00 00
WGC 2020 10 11 23 00 00 38.2650 -121.4911 483 0 2020 10 12 00 00 00
WGC 2020 10 12 23 00 00 38.2650 -121.4911 483 0 2020 10 13 00 00 00
WGC 2020 10 13 23 00 00 38.2650 -121.4911 483 0 2020 10 14 00 00 00
WGC 2020 10 14 23 00 00 38.2650 -121.4911 483 0 2020 10 15 00 00 00
WGC 2020 10 15 23 00 00 38.2650 -121.4911 483 0 2020 10 16 00 00 00
WGC 2020 10 16 23 00 00 38.2650 -121.4911 483 0 2020 10 17 00 00 00
WGC 2020 10 17 23 00 00 38.2650 -121.4911 483 0 2020 10 18 00 00 00
WGC 2020 10 18 23 00 00 38.2650 -121.4911 483 0 2020 10 19 00 00 00
WGC 2020 10 19 23 00 00 38.2650 -121.4911 483 0 2020 10 20 00 00 00
WGC 2020 10 20 23 00 00 38.2650 -121.4911 483 0 2020 10 21 00 00 00
WGC 2020 10 21 23 00 00 38.2650 -121.4911 483 0 2020 10 22 00 00 00
WGC 2020 10 22 23 00 00 38.2650 -121.4911 483 0 2020 10 23 00 00 00
WGC 2020 10 23 23 00 00 38.2650 -121.4911 483 0 2020 10 24 00 00 00
WGC 2020 10 24 23 00 00 38.2650 -121.4911 483 0 2020 10 25 00 00 00
WGC 2020 10 25 23 00 00 38.2650 -121.4911 483 0 2020 10 26 00 00 00
WGC 2020 10 26 23 00 00 38.2650 -121.4911 483 0 2020 10 27 00 00 00
WGC 2020 10 27 23 00 00 38.2650 -121.4911 483 0 2020 10 28 00 00 00
WGC 2020 10 28 23 00 00 38.2650 -121.4911 483 0 2020 10 29 00 00 00
WGC 2020 10 29 23 00 00 38.2650 -121.4911 483 0 2020 10 30 00 00 00
WGC 2020 10 30 23 00 00 38.2650 -121.4911 483 0 2020 10 31 00 00 00
WGC 2020 10 31 23 00 00 38.2650 -121.4911 483 0 2020 11 01 00 00 00
WGC 2020 11 01 23 00 00 38.2650 -121.4911 483 0 2020 11 02 00 00 00
WGC 2020 11 02 23 00 00 38.2650 -121.4911 483 0 2020 11 03 00 00 00
WGC 2020 11 03 23 00 00 38.2650 -121.4911 483 0 2020 11 04 00 00 00
WGC 2020 11 04 23 00 00 38.2650 -121.4911 483 0 2020 11 05 00 00 00
WGC 2020 11 05 23 00 00 38.2650 -121.4911 483 0 2020 11 06 00 00 00
WGC 2020 11 06 23 00 00 38.2650 -121.4911 483 0 2020 11 07 00 00 00
WGC 2020 11 07 23 00 00 38.2650 -121.4911 483 0 2020 11 08 00 00 00
WGC 2020 11 08 23 00 00 38.2650 -121.4911 483 0 2020 11 09 00 00 00
WGC 2020 11 09 23 00 00 38.2650 -121.4911 483 0 2020 11 10 00 00 00
WGC 2020 11 10 23 00 00 38.2650 -121.4911 483 0 2020 11 11 00 00 00
WGC 2020 11 11 23 00 00 38.2650 -121.4911 483 0 2020 11 12 00 00 00
WGC 2020 11 12 23 00 00 38.2650 -121.4911 483 0 2020 11 13 00 00 00
WGC 2020 11 13 23 00 00 38.2650 -121.4911 483 0 2020 11 14 00 00 00
WGC 2020 11 14 23 00 00 38.2650 -121.4911 483 0 2020 11 15 00 00 00
WGC 2020 11 21 23 00 00 38.2650 -121.4911 483 0 2020 11 22 00 00 00
WGC 2020 11 22 23 00 00 38.2650 -121.4911 483 0 2020 11 23 00 00 00
WGC 2020 11 23 23 00 00 38.2650 -121.4911 483 0 2020 11 24 00 00 00
WGC 2020 11 24 23 00 00 38.2650 -121.4911 483 0 2020 11 25 00 00 00
WGC 2020 11 25 23 00 00 38.2650 -121.4911 483 0 2020 11 26 00 00 00
WGC 2020 11 26 23 00 00 38.2650 -121.4911 483 0 2020 11 27 00 00 00
WGC 2020 11 27 23 00 00 38.2650 -121.4911 483 0 2020 11 28 00 00 00
WGC 2020 11 28 23 00 00 38.2650 -121.4911 483 0 2020 11 29 00 00 00
WGC 2020 11 29 23 00 00 38.2650 -121.4911 483 0 2020 11 30 00 00 00
WGC 2020 11 30 23 00 00 38.2650 -121.4911 483 0 2020 12 01 00 00 00
WGC 2020 12 01 23 00 00 38.2650 -121.4911 483 0 2020 12 02 00 00 00
WGC 2020 12 02 23 00 00 38.2650 -121.4911 483 0 2020 12 03 00 00 00
WGC 2020 12 03 23 00 00 38.2650 -121.4911 483 0 2020 12 04 00 00 00
WGC 2020 12 04 23 00 00 38.2650 -121.4911 483 0 2020 12 05 00 00 00
WGC 2020 12 05 23 00 00 38.2650 -121.4911 483 0 2020 12 06 00 00 00
WGC 2020 12 06 23 00 00 38.2650 -121.4911 483 0 2020 12 07 00 00 00
WGC 2020 12 07 23 00 00 38.2650 -121.4911 483 0 2020 12 08 00 00 00
WGC 2020 12 08 23 00 00 38.2650 -121.4911 483 0 2020 12 09 00 00 00
WGC 2020 12 09 23 00 00 38.2650 -121.4911 483 0 2020 12 10 00 00 00
WGC 2020 12 10 23 00 00 38.2650 -121.4911 483 0 2020 12 11 00 00 00
WGC 2020 12 11 23 00 00 38.2650 -121.4911 483 0 2020 12 12 00 00 00
WGC 2020 12 12 23 00 00 38.2650 -121.4911 483 0 2020 12 13 00 00 00
WGC 2020 12 13 23 00 00 38.2650 -121.4911 483 0 2020 12 14 00 00 00
WGC 2020 12 14 23 00 00 38.2650 -121.4911 483 0 2020 12 15 00 00 00
WGC 2020 12 15 23 00 00 38.2650 -121.4911 483 0 2020 12 16 00 00 00
WGC 2020 12 16 23 00 00 38.2650 -121.4911 483 0 2020 12 17 00 00 00
WGC 2020 12 17 23 00 00 38.2650 -121.4911 483 0 2020 12 18 00 00 00
WGC 2020 12 18 23 00 00 38.2650 -121.4911 483 0 2020 12 19 00 00 00
WGC 2020 12 19 23 00 00 38.2650 -121.4911 483 0 2020 12 20 00 00 00
WGC 2020 12 20 23 00 00 38.2650 -121.4911 483 0 2020 12 21 00 00 00
WGC 2020 12 21 23 00 00 38.2650 -121.4911 483 0 2020 12 22 00 00 00
WGC 2020 12 22 23 00 00 38.2650 -121.4911 483 0 2020 12 23 00 00 00
WGC 2020 12 23 23 00 00 38.2650 -121.4911 483 0 2020 12 24 00 00 00
WGC 2020 12 24 23 00 00 38.2650 -121.4911 483 0 2020 12 25 00 00 00
WGC 2020 12 25 23 00 00 38.2650 -121.4911 483 0 2020 12 26 00 00 00
WGC 2020 12 26 23 00 00 38.2650 -121.4911 483 0 2020 12 27 00 00 00
WGC 2020 12 27 23 00 00 38.2650 -121.4911 483 0 2020 12 28 00 00 00
WGC 2020 12 28 23 00 00 38.2650 -121.4911 483 0 2020 12 29 00 00 00
WGC 2020 12 29 23 00 00 38.2650 -121.4911 483 0 2020 12 30 00 00 00
WGC 2020 12 30 23 00 00 38.2650 -121.4911 483 0 2020 12 31 00 00 00
WGC 2020 12 31 23 00 00 38.2650 -121.4911 483 0 2021 01 01 00 00 00
